,index,holeID,positionerID,robotailID,wokID_x,apSpecID,bossSpecID,alphaArmLen,metX,metY,apX,apY,bossX,bossY,alphaOffset,betaOffset,dx,dy,stdr,wokID_y,holeType,hexRow,hexCol,xWok,yWok,zWok,ix,iy,iz,jx,jy,jz,kx,ky,kz,alphaReport,betaReport,cmdAlpha,cmdBeta,startAlpha,startBeta,xWokReportMetrology,yWokReportMetrology,xWokReportAPOGEE,yWokReportAPOGEE,xWokReportBOSS,yWokReportBOSS,index,thresh,npix,tnpix,xmin,xmax,ymin,ymax,x,y,x2,y2,xy,errx2,erry2,errxy,a,b,theta,cxx,cyy,cxy,cflux,flux,cpeak,peak,xcpeak,ycpeak,xpeak,ypeak,flag,xWinpos,yWinpos,xSimple,ySimple,xNudge,yNudge,xRot,yRot,xWinposRot,yWinposRot,xSimpleRot,ySimpleRot,xNudgeRot,yNudgeRot,centroidID,xWokMeasMetrology,yWokMeasMetrology,wokErr,wokErrWarn,alphaMeas,betaMeas,xWokMeasAPOGEE,yWokMeasAPOGEE,xWokMeasBOSS,yWokMeasBOSS
0,0,R-13C1,1004,FTO0,flatNominal,0,0,7.40635738192,14.3179860815,0.0,14.9733275655,0.364967350287,14.963733287,-0.376150133223,0.636819198317,0.0915112945468,0.179203784145,-0.0833079596417,0.0213359803132,flatNominal,ApogeeBoss,-13.0,0.0,-145.6,-252.1866,0,0,-1,0,1,0,0,0,0,1,332.096743584,68.5404127836,,,,,-139.614191735,-269.694990828,-138.90719144,-269.94563841,-139.469747468,-270.428212643,278,62.000705719,329,315,6591,6607,3076,3102,6598.31194015,3088.18528339,5.47663586134,14.2900047524,0.24043997538,3.42359247663e-05,8.05677716374e-05,1.23313143565e-06,3.78107905388,2.33882045746,1.54354202747,0.182728827,0.0700307115912,-0.00614909734577,231665.5,232263.6875,10529.9511719,15862.2001953,6598,3088,6598,3088,0,6597.83910153,3087.91182969,6597.99,3087.92,6581.00389462,3091.64561187,2963.59385627,891.746233648,2963.56996885,892.291928324,2963.51167082,892.155737477,2974.66364832,905.494034107,278,-139.615830111,-269.673488228,0.0215649265444,False,331.953872659,68.762069291,-138.908485827,-269.9231634,-139.470377751,-270.406510729
1,1,R-13C2,1009,FTO1,flatNominal,1,1,7.38311124378,14.3056225747,0.0,14.9512203539,0.371279136569,14.9484875503,-0.385825465062,-0.296475566983,-0.0696109612059,0.0566868460496,-0.0257238711226,0.0288233972446,flatNominal,ApogeeBoss,-13.0,1.0,-123.2,-252.1866,0,0,-1,0,1,0,0,0,0,1,197.81409502,149.051685333,,,,,-128.787689089,-259.112910808,-128.577384051,-259.827345186,-129.312930873,-259.6479414,288,62.000705719,345,329,6475,6493,3115,3141,6482.67078209,3127.03347599,5.75772205523,13.5923230456,0.144458246566,3.45393170943e-05,7.14640093358e-05,5.20151870086e-07,3.68713784218,2.39897036552,1.5523661375,0.173726126552,0.0735905617476,-0.00369269773364,249622.15625,250242.5625,11452.9384766,17549.0644531,6482,3127,6482,3127,0,6482.19955441,3126.81888581,6482.33,3126.8,6482.54271335,3127.19004705,3051.50192752,976.328918138,3051.52949119,976.84597202,3051.45246593,976.740033167,3051.69996873,976.370097949,288,-128.804568875,-259.109353205,0.0172506141491,False,197.82148445,148.978500167,-128.595084397,-259.824028617,-129.330424716,-259.643780282
2,2,R-13C3,1136,FTO2,flatNominal,2,2,7.39051516067,14.3363338522,0.0,14.9974674757,0.334438383901,14.9909165242,-0.406490434958,-0.521688890608,0.266420010045,0.0540630368742,-0.0653913240946,0.0240620455019,flatNominal,ApogeeBoss,-13.0,2.0,-100.8,-252.1866,0,0,-1,0,1,0,0,0,0,1,10.0162703544,170.013749599,,,,,-99.5899330497,-245.193713987,-99.9217697178,-244.531270686,-99.1808723786,-244.540734419,311,62.000705719,354,339,6264,6284,3276,3302,6273.25504306,3287.6431845,6.42875386631,10.0546585098,0.262376313475,2.74998101415e-05,4.44942209303e-05,2.37266896922e-08,3.17388510704,2.53177142143,1.4989336729,0.155716985464,0.0995624214411,-0.00812686886638,306638.4375,307371.9375,14384.5878906,21052.4648438,6273,3287,6273,3288,0,6272.8014235,3287.69233509,6272.93,3287.4,6273.16829322,3287.91618369,3290.73065383,1087.77418151,3290.98394314,1088.15369568,3290.66639427,1088.17294912,3291.01283336,1087.7248986,311,-99.5911476516,-245.139242219,0.0544853077194,False,12.3785049084,168.853008933,-99.9368017952,-244.483902678,-99.1958689116,-244.477828834
3,3,R-13C4,1118,FTO3,flatNominal,3,3,7.35982005957,14.2952971099,0.0,14.9219003495,0.392837134749,14.9522770728,-0.351985710365,0.453283784589,-2.22395706337,0.159959440692,0.0159495472563,0.0214242380762,flatNominal,ApogeeBoss,-13.0,3.0,-78.4,-252.1866,0,0,-1,0,1,0,0,0,0,1,288.315925598,110.39255619,,,,,-76.7617650233,-266.140695888,-76.0712190728,-266.405457902,-76.6482924167,-266.877337306,347,62.000705719,343,328,6329,6349,3523,3545,6338.33767897,3533.81086006,6.76053079439,7.39490464795,0.38786233174,2.79976422631e-05,2.93929228759e-05,1.23451237744e-06,2.75295495987,2.56450271606,1.12814319134,0.148363828659,0.135636389256,-0.0155633483082,325151.0,325679.3125,16457.1777344,23704.6152344,6338,3534,6338,3534,0,6337.87254033,3533.35691602,6338.0,3533.59,6338.26219793,3533.79813229,3478.92653571,916.261546321,3478.73904316,916.883853067,3478.88601276,916.663488451,3478.9501442,916.334361312,347,-76.7596124065,-266.121394283,0.0194212689393,False,288.200103031,110.543113964,-76.0689060726,-266.38573761,-76.6456932365,-266.857966774
4,4,R-13C5,1107,FTO4,flatNominal,4,4,7.40102200966,14.3306670749,0.0,14.9567277882,0.389105330496,14.9739294016,-0.355738465558,0.401596027768,3.98549779119,0.200011098092,-0.0405156949837,0.0193305700694,flatNominal,ApogeeBoss,-13.0,4.0,-56.0,-252.1866,0,0,-1,0,1,0,0,0,0,1,38.8012835383,96.1067032814,,,,,-42.0166267602,-247.257988842,-41.9033051428,-246.52962548,-41.3274369264,-247.002345242,380,62.000705719,372,353,6062,6083,3707,3730,6071.41506337,3717.28113228,6.82229974573,8.20252059209,0.224238222801,2.41927179615e-05,3.00715943549e-05,3.87724722767e-07,2.87019824982,2.60514545441,1.41371166706,0.146709963679,0.122023388743,-0.00802143197507,364424.84375,365004.59375,19096.7480469,29403.5605469,6071,3717,6071,3717,0,6070.96289138,3716.81145163,6071.09,3716.94,6071.35545913,3717.11206678,3765.01147951,1068.13132094,3764.80403846,1068.74940478,3764.8606016,1068.57784707,3764.88911949,1068.26233177,380,-41.9908388743,-247.240393033,0.0312190254049,False,39.0383310965,95.8585783128,-41.8773764392,-246.512051595,-41.3015996279,-246.984882684
5,5,R-13C6,1127,FTO5,flatNominal,5,5,7.39551645805,14.3285609671,0.0,14.986635533,0.372019421927,14.9760747324,-0.378356294532,-0.663947593606,0.539771987147,0.128836986852,-0.023979672984,0.0177033585356,flatNominal,ApogeeBoss,-13.0,5.0,-33.6,-252.1866,0,0,-1,0,1,0,0,0,0,1,34.00003016,81.2423408031,,,,,-16.5862136495,-252.411818242,-16.1482879377,-251.795635107,-15.839325323,-252.479533747,401,62.000705719,362,346,6003,6023,3912,3935,6012.28973802,3922.64720151,6.67821814778,8.23466015477,0.148418790925,2.54230395594e-05,3.16802572302e-05,8.44777145832e-08,2.87205266953,2.58150959015,1.47657012939,0.149800539017,0.121486581862,-0.00539991119877,345366.71875,345982.84375,17797.3730469,26998.6855469,6012,3922,6012,3922,0,6011.86418298,3922.1404626,6012.0,3922.26,6012.19494393,3922.48712774,3974.44827731,1025.61950826,3974.19567084,1026.23112203,3974.24482641,1026.05783445,3974.3501586,1025.77756601,401,-16.585980014,-252.390448724,0.0213707946233,False,34.072786393,81.2411665971,-16.1488244673,-251.773718952,-15.8390076706,-252.457231057
6,6,R-13C7,1104,FTO6,flatNominal,6,6,7.39402217741,14.3321964374,0.0,14.9788597111,0.371407340788,14.9697019537,-0.389586211094,-0.0717444939533,1.88710288858,0.150498543094,-0.170912428703,0.0163987668575,flatNominal,ApogeeBoss,-13.0,6.0,-11.2,-252.1866,0,0,-1,0,1,0,0,0,0,1,93.509799242,106.092610359,,,,,-9.22382151073,-238.551231187,-9.80571954877,-238.084849931,-9.09393412142,-237.81548669,402,62.000705719,372,355,5875,5896,3914,3937,5884.47208855,3924.41414987,6.96053490214,8.25222894844,0.261077469415,2.55989618201e-05,3.028389044e-05,1.3098899372e-06,2.88149309158,2.62864255905,1.37871801853,0.143837809563,0.121323347092,-0.00910125300288,357833.96875,358326.71875,18341.0332031,27799.4082031,5884,3924,5884,3924,0,5884.04449447,3923.91767632,5884.16,3924.05,5884.47551427,3924.32764841,4035.10457997,1138.14189079,4034.86201871,1138.75056699,4034.92200248,1138.58720555,4035.02629319,1138.17884234,402,-9.24480644206,-238.550025017,0.0210195667944,False,93.5814978939,106.108644952,-9.82741793647,-238.08453533,-9.11604580156,-237.814082494
7,7,R-13C8,1314,FTO7,flatNominal,7,7,7.38350285934,14.3061029845,0.0,14.9511828395,0.362062227679,14.9403458708,-0.385370561787,-0.656526793594,-0.160742399459,0.133380148382,-0.180391160307,0.0194040566423,flatNominal,ApogeeBoss,-13.0,7.0,11.2,-252.1866,0,0,-1,0,1,0,0,0,0,1,5.29443550855,147.044985294,,,,,18.4380482349,-247.104220106,18.4273812885,-246.364555796,19.0792085785,-246.730471631,438,62.000705719,363,345,5831,5852,4149,4172,5840.83066046,4159.14225944,6.86525820782,8.04511731726,0.0551875421509,2.52923720457e-05,2.9223980844e-05,-2.14991096177e-07,2.83684563637,2.61967229843,1.5241574049,0.145668983459,0.124305851758,-0.00199850741774,354522.6875,355140.5625,16876.1523438,23736.3398438,5840,4159,5840,4159,0,5840.50370687,4158.56616943,5840.55,4158.75,5840.74325363,4159.03753471,4263.41932916,1068.32616927,4263.05964428,1068.88241124,4263.20226223,1068.75937466,4263.36687479,1068.45208893,438,18.4512826199,-247.090142709,0.0193215439997,False,5.55916512363,146.874811966,18.4393950069,-246.350497009,19.0918252866,-246.715336625
8,8,R-13C9,756,FTO8,flatNominal,8,8,7.35918660207,14.2856832585,0.0,14.9184064105,0.38020774447,14.929898854,-0.370408159634,0.95419524617,1.93968587045,0.164380594519,0.0192509246608,0.0261180952259,flatNominal,ApogeeBoss,-13.0,8.0,33.6,-252.1866,0,0,-1,0,1,0,0,0,0,1,64.57670331,87.8994548321,,,,,46.2711174128,-242.413226173,46.1891929015,-241.679615316,46.8763060459,-241.981992296,459,62.000705719,365,347,5691,5712,4335,4358,5701.16961213,4345.052959,6.94336837333,7.79132614182,0.00484733136007,2.33271170211e-05,2.74028415045e-05,-1.03227502177e-06,2.79129958153,2.63502192497,1.56508004665,0.144022375345,0.128347918391,-0.000179205482709,369050.0625,369641.1875,18518.28125,26753.09375,5701,4345,5701,4345,0,5700.71172788,4344.43040953,5700.88,4344.67,5701.07964994,4344.95216724,4492.83583396,1106.22160374,4492.49548091,1106.91542333,4492.6287896,1106.65408438,4492.78804839,1106.34797111,459,46.2635804953,-242.440227564,0.0280335556904,False,64.3611572594,88.097449401,46.1818807156,-241.706591645,46.8689012003,-242.009179096
9,9,R-13C10,637,FTO9,flatNominal,9,9,7.40282980322,14.3648969316,0.0,15.0109528837,0.361387886398,14.9819591001,-0.403555308928,-2.32770620527,0.141993420043,0.137187283814,0.0315693847494,0.0173077356229,flatNominal,ApogeeBoss,-13.0,9.0,56.0,-252.1866,0,0,-1,0,1,0,0,0,0,1,47.5402343273,86.9838345051,,,,,71.9037913237,-247.864059889,72.137945761,-247.161805521,72.6317091045,-247.74676406,480,62.000705719,361,346,5632,5654,4542,4565,5642.34079461,4552.32838841,7.09439118101,7.78683367416,0.117738046751,2.61627521724e-05,2.77390885783e-05,5.53931171525e-07,2.79397654533,2.65987205505,1.40689754486,0.140991806984,0.128454133868,-0.00426363293082,354397.875,354988.125,18408.8320312,27880.3320312,5642,4552,5642,4552,0,5641.9245831,4551.7625037,5642.04,4551.92,5642.27051101,4552.3245239,4703.82863691,1062.56418154,4703.51926486,1063.19485298,4703.60105474,1063.01650042,4703.85770193,1062.62829039,480,71.9012858536,-247.84405481,0.0201613631097,False,47.6303669179,86.9570477471,72.1346637402,-247.141541992,72.6290735081,-247.725954272
10,10,R-13C11,707,FTO10,flatNominal,10,10,7.38858267277,14.2965961212,0.0,14.9498061857,0.366924250914,14.8927319811,-0.473195158249,-1.01756023077,-0.194106866187,0.0719623243935,-0.0817261735214,0.0190620687036,flatNominal,ApogeeBoss,-13.0,10.0,78.4,-252.1866,0,0,-1,0,1,0,0,0,0,1,350.432517529,135.294957161,,,,,88.7409947334,-251.420484429,89.0713085531,-250.748019133,89.5003210016,-251.47259239,497,62.000705719,371,344,5593,5615,4679,4701,5603.56559176,4688.39241301,7.2672079312,7.66004669812,0.0537625315151,2.55784504292e-05,2.73018593826e-05,-4.05740424956e-07,2.76898384094,2.69443559647,1.43721163273,0.137611567974,0.130554288626,-0.00193167140242,365525.75,365940.1875,19278.2441406,29700.3046875,5603,4688,5603,4688,0,5603.1754712,4687.86855596,5603.27,4688.0,5603.55301006,4688.34631028,4842.4057423,1034.04539813,4842.12157554,1034.63350485,4842.19816612,1034.49080257,4842.37067828,1034.07786773,497,88.7683048655,-251.401114304,0.0334820109675,False,350.799578828,135.063786096,89.0970228502,-250.727867484,89.5277525841,-251.451421202
11,11,R-13C12,925,FTO11,flatNominal,11,11,7.40155672376,14.2942677826,0.0,14.9197488298,0.406836744801,14.9344368784,-0.369924544518,-0.418598442954,0.0662170963035,0.00543683454365,-0.0624294619456,0.0193708005548,flatNominal,ApogeeBoss,-13.0,11.0,100.8,-252.1866,0,0,-1,0,1,0,0,0,0,1,337.261111736,66.200813055,,,,,107.595472391,-269.432738957,108.319933789,-269.611340078,107.762898152,-270.152898144,520,62.000705719,371,348,5652,5673,4882,4905,5661.67229039,4892.11772795,7.1692653631,7.89686216269,-0.0170848403064,2.55546978311e-05,2.81209214951e-05,-1.71626993164e-07,2.81020689011,2.67747354507,-1.54733240604,0.139485031366,0.126633226871,0.000603550986852,364717.40625,365253.6875,17660.7050781,25241.3925781,5661,4892,5661,4892,0,5661.25774377,4891.44102429,5661.37,4891.68,5661.60608883,4892.02044372,4996.19182232,888.339413474,4995.78341455,889.019839691,4995.94463686,888.810709826,4996.13616254,888.443090167,520,107.618919831,-269.443919129,0.0259765025899,False,337.465793837,65.9912896719,108.343366135,-269.622581463,107.786284741,-270.16409246
12,12,R-13C13,240,FTO12,flatNominal,12,12,7.42716980983,14.3109575966,0.0,14.9373003335,0.370991710751,14.9321050509,-0.382608672169,0.0223258855748,-0.16177188632,-0.0425571858559,-0.169423376797,0.0173427277211,flatNominal,ApogeeBoss,-13.0,12.0,123.2,-252.1866,0,0,-1,0,1,0,0,0,0,1,273.696448803,129.206514359,,,,,125.335812977,-263.132330081,126.033451535,-263.340273621,125.476659048,-263.848134482,529,62.000705719,366,351,5539,5559,4988,5010,5548.35611795,4997.59876983,7.07109139998,7.94145809673,0.203669647809,2.60227206715e-05,3.19429671776e-05,4.05605576067e-07,2.82608556747,2.65062069893,1.35193192959,0.141525432467,0.12601454556,-0.00725922966376,346050.40625,346605.59375,18349.609375,28316.4238281,5548,4997,5548,4997,0,5547.92389056,4996.99617469,5548.06,4997.14,5548.42141613,4997.60973249,5142.11014424,940.056417091,5141.77562416,940.718261278,5141.83997017,940.535556992,5142.08967807,939.993447499,529,125.356638523,-263.149086507,0.0267297806274,False,273.958826592,129.045334215,126.054643269,-263.355797532,125.498748649,-263.864641025
13,13,R-13C14,941,FTO13,flatNominal,13,13,7.38665242291,14.3302594811,0.0,14.965,0.376,14.9684799945,-0.379936014346,-0.657073911656,-0.0405166002907,0.0798067656942,-0.065583695882,-1.0,flatNominal,ApogeeBoss,-13.0,13.0,145.6,-252.1866,0,0,-1,0,1,0,0,0,0,1,80.2195823193,130.035670996,,,,,145.72973667,-241.139277835,145.089552414,-240.772623167,145.745393993,-240.396693397,539,62.000705719,365,344,5301,5323,5055,5076,5311.34000636,5064.2690502,7.10060467801,7.61142021333,0.141403033323,2.51815704816e-05,2.5787943426e-05,4.57960082202e-07,2.76549291611,2.65783262253,1.31798088551,0.140885204077,0.131430149078,-0.00523465871811,368621.53125,369199.59375,18958.0625,28322.5,5311,5064,5311,5064,0,5310.96268698,5063.61678264,5311.08,5063.81,5311.36126855,5064.36020023,5310.7998597,1119.40340851,5310.39591008,1120.03952768,5310.51447421,1119.84147241,5310.87085539,1119.34241654,539,145.739588861,-241.165557793,0.028066026404,False,79.9384683224,130.240948523,145.099890469,-240.7980561,145.756229052,-240.422994729
14,14,R-12C1,201,FTO14,flatNominal,14,14,7.39268583904,14.3103851264,0.0,14.9493557967,0.375965939098,14.9575998071,-0.36515225199,0.712219143746,-0.0716382090842,0.106394051902,-0.00846339112174,0.0258500902224,flatNominal,ApogeeBoss,-12.0,0.0,-156.8,-232.7876,0,0,-1,0,1,0,0,0,0,1,3.87437783182,8.73534321785,,,,,-152.937282451,-254.192420417,-152.424869853,-254.728206973,-153.14436846,-254.906099893,253,62.000705719,368,349,6529,6546,2920,2946,6536.62354935,2932.98805243,5.66810738257,16.5605020038,0.290556518262,3.12693279463e-05,7.39661510041e-05,1.08693203059e-06,4.07041120529,2.37915158272,1.54414641857,0.176584556699,0.0604390017688,-0.00619640527293,267589.6875,268083.3125,10081.6669922,14182.5419922,6536,2933,6536,2933,0,6536.23418881,2932.49465862,6536.34,2932.78,6536.34520415,2933.00925492,2854.49469021,1018.19389089,2854.23718463,1018.76724066,2854.43881636,1018.54462004,2854.64216869,1018.430905,253,-152.84441087,-254.190254264,0.0928968391321,False,4.9282150618,7.50651303409,-152.33363706,-254.727603332,-153.053675632,-254.90329793
15,15,R-12C2,919,FTO15,flatNominal,15,15,7.38390960397,14.3181824273,0.0,14.9608701683,0.378745709018,14.9576150266,-0.383440735558,0.225303493259,-0.0929469067854,0.11713646878,-0.0713919978115,0.0224849096021,flatNominal,ApogeeBoss,-12.0,1.0,-134.4,-232.7876,0,0,-1,0,1,0,0,0,0,1,284.331943989,108.288674355,,,,,-133.871859449,-246.802409371,-133.205624445,-247.138008483,-133.848392661,-247.547627565,272,62.000705719,362,340,6405,6423,3031,3057,6412.8783986,3043.52313788,5.89996963607,15.5159288551,0.363518474516,3.59931607079e-05,7.81867893639e-05,2.13872106384e-07,3.94076800346,2.42615890503,1.5330644846,0.169737413526,0.064543068409,-0.00795346312225,254159.75,254875.078125,10320.1455078,15459.8339844,6412,3043,6412,3043,0,6412.42627619,3043.17614415,6412.51,3043.22,6412.76737953,3043.69998367,3009.71583208,1076.82208005,3009.61715779,1077.38340234,3009.61283073,1077.28875026,3009.92396943,1076.83876857,272,-133.839579632,-246.755560525,0.0568928908656,False,284.153260308,108.648507066,-133.172286913,-247.089051563,-133.813756848,-247.500700801
16,16,R-12C3,1353,FTO16,flatNominal,16,16,7.38328218359,14.3175612736,0.0,14.965,0.376,14.9625454526,-0.3748339495,1.68479617832,-0.101199551424,0.221429085335,-0.0759258917669,-1.0,flatNominal,Boss,-12.0,2.0,-112.0,-232.7876,0,0,-1,0,1,0,0,0,0,1,283.364052773,102.171092033,,,,,-112.679536149,-247.669585001,-112.049746254,-248.074452378,-112.719155205,-248.414524872,303,62.000705719,365,343,6332,6351,3190,3216,6340.29227793,3201.27083988,6.49212958325,11.8930783964,0.152406573391,3.32996362222e-05,5.70359728419e-05,2.61337056437e-09,3.44925737381,2.54712247849,1.54260778427,0.154079020023,0.0841078236699,-0.00394896138459,282265.28125,282913.46875,13249.7626953,19465.6367188,6340,3201,6340,3201,0,6339.79579872,3201.1897854,6339.95,3201.07,6340.27123901,3201.61931696,3183.15104796,1068.26005395,3183.30869487,1068.73776609,3183.13287523,1068.65420865,3183.46977784,1068.11761038,303,-112.691023213,-247.638719725,0.0329335378385,False,283.104367927,102.417866099,-112.061324565,-248.043729006,-112.730810129,-248.383650649
17,17,R-12C4,1362,FTO17,flatNominal,17,17,7.36553181602,14.3044900748,0.0,14.965,0.376,14.9490222758,-0.3748339495,8.45187708844,0.0488693893697,0.223370077096,-0.109811878133,-1.0,flatNominal,Boss,-12.0,3.0,-89.6,-232.7876,0,0,-1,0,1,0,0,0,0,1,345.55505991,171.56683445,,,,,-86.9269259014,-226.479753043,-87.127140771,-225.746565913,-86.4037893046,-225.948480656,314,62.000705719,366,346,6081,6102,3297,3324,6090.75865412,3309.26924332,6.72799548417,9.92213223671,0.298110534357,2.7322282741e-05,4.19128467516e-05,5.21897622083e-07,3.15431714058,2.58851528168,1.47852766514,0.14883081615,0.100919134915,-0.0089432457462,324534.03125,325132.96875,15801.2724609,23463.8964844,6090,3309,6090,3309,0,6090.29701691,3309.11716001,6090.39,3309.03,6090.76335459,3309.53959853,3394.27427271,1239.6008504,3394.35282921,1240.08050352,3394.23419571,1240.03403395,3394.5118307,1239.47169842,314,-86.9482881581,-226.410578123,0.07239831142,False,348.629206171,170.203678768,-87.1703052494,-225.683695896,-86.4412475219,-225.863922801
18,18,R-12C5,1393,FTO18,flatNominal,18,18,7.3885506622,14.3296020592,0.0,14.965,0.376,14.9750025864,-0.3748339495,0.0738106530102,-0.17791743351,0.184612259261,-0.118339858524,-1.0,flatNominal,Boss,-12.0,4.0,-67.2,-232.7876,0,0,-1,0,1,0,0,0,0,1,358.854289055,45.3466272354,,,,,-57.4849777927,-250.650489331,-56.772791586,-250.845161748,-57.3050537576,-251.374830184,358,62.000705719,358,343,6145,6166,3606,3629,6154.63194636,3616.62105599,6.69690565097,8.12660511459,0.206372012605,2.32350617871e-05,2.77114137146e-05,1.55715302225e-07,2.85583567619,2.58219146729,1.43027067184,0.149439647794,0.123148985207,-0.00758992461488,361115.75,361621.4375,18543.3515625,28388.4765625,6154,3616,6154,3616,0,6154.19960078,3616.16137451,6154.31,3616.27,6154.48487547,3616.44653261,3637.2827944,1040.87543029,3637.07505422,1041.47131097,3637.12578683,1041.32304662,3637.19603017,1041.08652321,358,-57.4982130234,-250.657043369,0.0147691147254,False,358.805104913,45.3574418243,-56.7861573435,-250.852192676,-57.3187741016,-251.38150455
19,19,R-12C6,1384,FTO19,flatNominal,19,19,7.3795122881,14.3270152384,0.0,14.965,0.376,14.9723263182,-0.3748339495,3.18442037251,-3.30632579433,0.241275024554,-0.0524272605916,-1.0,flatNominal,Boss,-12.0,5.0,-44.8,-232.7876,0,0,-1,0,1,0,0,0,0,1,23.6840209365,97.0509266853,,,,,-29.1871014149,-232.315892821,-28.8295082944,-231.667411737,-28.4408503958,-232.30986822,384,62.000705719,369,354,5906,5926,3744,3767,5914.95964953,3754.77558507,6.89324696374,8.24380425681,0.110205055372,2.271057143e-05,2.70865159516e-05,-1.75128264571e-07,2.87275791168,2.62379741669,1.4899097681,0.145100533962,0.121329151094,-0.00387947377749,376777.40625,377365.9375,17593.1113281,25677.296875,5915,3754,5914,3754,0,5914.34314214,3754.34028135,5914.63,3754.43,5914.90279807,3754.62385024,3870.58739467,1189.53089527,3870.48640803,1190.27880728,3870.42981591,1189.98108695,3870.47912961,1189.65145324,384,-29.1893405347,-232.295241757,0.0207720990355,False,23.7509523887,97.0618628256,-28.8326290598,-231.646275287,-28.4430983925,-232.288202973
20,20,R-12C7,171,FTO20,flatNominal,20,20,7.47128573314,14.3436341614,0.0,14.965,0.376,14.9895198929,-0.3748339495,0.705726119816,3.01918395321,0.204284157854,-0.0892463364554,-1.0,flatNominal,Boss,-12.0,6.0,-22.4,-232.7876,0,0,-1,0,1,0,0,0,0,1,305.109407902,118.084466457,,,,,-15.352353945,-242.987084782,-14.6333230348,-242.88478104,-14.9051195442,-243.585123458,399,62.000705719,381,365,5930,5951,3886,3909,5939.50089229,3896.50697673,6.98030353506,8.39494484447,0.172534187875,2.26599819858e-05,2.70983849313e-05,1.29762149924e-07,2.90097975731,2.63809871674,1.4511692524,0.14333306253,0.119179844856,-0.005891605746,387497.59375,388014.25,19958.1074219,30293.2949219,5939,3896,5939,3896,0,5939.10834993,3895.996874,5939.2,3896.14,5939.50605251,3896.40130794,3984.91900416,1102.24777521,3984.6481533,1102.83167084,3984.72767526,1102.68222866,3984.82291935,1102.29204969,399,-15.3244982831,-242.970325724,0.0325085207797,False,305.280371689,118.064598851,-14.6057396606,-242.866126165,-14.875688336,-243.567182909
21,21,R-12C9,1317,FTO22,flatNominal,22,22,7.37343489564,14.3199509493,0.0,14.965,0.376,14.9650177589,-0.3748339495,0.279110502786,-0.17258814137,0.18077682216,-0.149001726693,-1.0,flatNominal,Boss,-12.0,8.0,22.4,-232.7876,0,0,-1,0,1,0,0,0,0,1,350.857615471,64.5055925846,,,,,32.9120808582,-248.37090743,33.6566220004,-248.42678914,33.2310327532,-249.045356366,453,62.000705719,366,346,5785,5806,4260,4282,5794.94295878,4269.70963008,6.8467927999,7.91293103587,-0.0224449788194,2.2616990398e-05,2.56436121257e-05,-4.39587992338e-07,2.81307721138,2.61654734612,-1.54975616932,0.146055147052,0.126376599073,0.000828568998259,377569.8125,378061.6875,18656.4492188,26520.2617188,5795,4269,5794,4269,0,5794.38485808,4269.20773829,5794.67,4269.33,5794.83643458,4269.59056023,4382.67596334,1057.90120786,4382.48893018,1058.6281125,4382.46668313,1058.31658005,4382.61962664,1058.05071107,453,32.922020396,-248.371771208,0.00997699971536,False,350.932455127,64.4337346693,33.6665644453,-248.427614171,33.2410073896,-249.046203544
22,22,R-12C10,1392,FTO23,flatNominal,23,23,7.43924653259,14.3370852434,0.0,14.965,0.376,14.9827445253,-0.3748339495,0.735605945551,-0.0186773061503,0.173828792757,-0.0530876377112,-1.0,flatNominal,Boss,-12.0,9.0,44.8,-232.7876,0,0,-1,0,1,0,0,0,0,1,226.99157238,109.103089571,,,,,33.5969271357,-241.136197362,33.6953067989,-241.861438276,32.9981419479,-241.582103963,449,62.000705719,362,344,5731,5751,4237,4260,5740.10755556,4247.74143636,6.93950137004,7.94123775465,0.0932296428596,2.72798033135e-05,3.11786458885e-05,3.86130074992e-07,2.81954622269,2.63265991211,1.47878134251,0.144125297666,0.125944823027,-0.0033840443939,340962.9375,341395.3125,17205.2519531,24508.3144531,5740,4247,5740,4247,0,5739.57563874,4247.24439818,5739.78,4247.35,5740.04728097,4247.65308688,4388.54634586,1116.68097981,4388.35151184,1117.38242272,4388.349904,1117.1475295,4388.49586873,1116.77527041,449,33.6096674135,-241.144563071,0.0152413834012,False,227.013430025,109.144903528,33.7088529608,-241.86969421,33.011378122,-241.591134814
23,23,R-12C11,86,FTO24,flatNominal,24,24,7.4177868329,14.3594242736,0.0,14.965,0.376,15.0058559981,-0.3748339495,2.63268153735,0.412018584824,0.156030994068,-0.0315385042697,-1.0,flatNominal,Boss,-12.0,10.0,67.2,-232.7876,0,0,-1,0,1,0,0,0,0,1,39.018008709,14.3155704439,,,,,84.0554863506,-246.437196159,84.7679500891,-246.459408357,84.3862291289,-247.107258603,489,62.000705719,377,355,5575,5597,4625,4649,5585.46342739,4635.99387976,7.16369767367,8.00586282326,0.0448865079174,2.4646457715e-05,2.7656178677e-05,-1.01907993577e-06,2.82988476753,2.67606282234,1.51769793034,0.13959762454,0.124912850559,-0.00156536523718,375360.59375,375848.1875,18804.3945312,27749.1445312,5585,4635,5585,4635,0,5585.10370005,4635.54537319,5585.2,4635.55,5585.4269178,4635.93674226,4804.31114612,1074.32065584,4804.07974396,1074.84697792,4804.04250945,1074.75646689,4804.27735903,1074.37944424,489,84.0974949739,-246.432356111,0.0422865285469,False,40.0454485141,12.8825218183,84.8097836163,-246.45961139,84.4234859918,-247.104743142
24,24,R-12C12,222,FTO25,flatNominal,25,25,7.45901496048,14.3346628185,0.0,14.965,0.376,14.9802383374,-0.3748339495,1.6488132572,0.0803078586249,0.143309825115,-0.084691030374,-1.0,flatNominal,Boss,-12.0,11.0,89.6,-232.7876,0,0,-1,0,1,0,0,0,0,1,9.18631106615,122.21848011,,,,,101.378311405,-230.456254477,101.581231447,-229.750900368,102.105701286,-230.288408708,499,62.000705719,375,353,5393,5415,4692,4715,5403.30950047,4702.40354598,7.14099614451,7.98162358599,0.0857704966747,2.41148327226e-05,2.82636035917e-05,4.26514708311e-07,2.82670927048,2.6706430912,1.47014665604,0.140054568648,0.125303968787,-0.00301005155779,372118.5,372742.28125,19591.8828125,29596.9453125,5403,4702,5403,4702,0,5402.93611888,4701.84234729,5403.05,4702.0,5403.31074132,4702.31159508,4947.40723597,1205.14040178,4947.08221907,1205.73092848,4947.16734802,1205.56164188,4947.32512709,1205.18180996,499,101.390629372,-230.41969813,0.0385758830852,False,9.49510425362,122.0681446,101.591597908,-229.713785523,102.117552276,-230.249841331
25,25,R-12C13,298,FTO26,flatNominal,26,26,7.35124018164,14.2887559094,0.0,14.965,0.376,14.932744052,-0.3748339495,0.416707188461,-0.00626478108231,0.155766121692,-0.127740606153,-1.0,flatNominal,Boss,-12.0,12.0,112.0,-232.7876,0,0,-1,0,1,0,0,0,0,1,292.585873604,132.640804052,,,,,118.121894522,-241.71034602,118.893025217,-241.646788789,118.553911853,-242.317455765,515,62.000705719,386,368,5411,5432,4856,4879,5420.96169789,4866.37908082,7.24805992187,8.19798372286,0.134361024796,2.34864327232e-05,2.72196671898e-05,3.07496705217e-07,2.86646509171,2.68875837326,1.43295395374,0.138009890914,0.122018285096,-0.00452383188531,390374.34375,390921.5,19328.2617188,28031.0117188,5421,4866,5421,4866,0,5420.46569021,4865.76279313,5420.7,4865.93,5420.94471598,4866.30715775,5084.64807938,1113.6826137,5084.3309031,1114.40734353,5084.3693719,1114.12117408,5084.59215398,1113.73092169,515,118.168767857,-241.720571612,0.0479757467829,False,293.081994138,132.356932117,118.939657817,-241.654158219,118.603031219,-242.326076814
26,26,R-12C14,1101,FTO27,flatNominal,27,27,7.36711362446,14.300640786,0.0,14.9212750707,0.410385855105,14.9573634452,-0.349573182983,0.35462462959,-0.239549207639,0.0717000900419,-0.0864494180379,0.0334549110409,flatNominal,ApogeeBoss,-12.0,13.0,134.4,-232.7876,0,0,-1,0,1,0,0,0,0,1,51.158067584,154.098937511,,,,,133.952377951,-224.522897806,133.315637566,-224.137975543,133.986830463,-223.779729531,524,62.000705719,367,349,5226,5247,4908,4930,5235.7044558,4917.55395975,7.16298209585,7.89826644384,0.0669131402995,2.52430974219e-05,2.74679214251e-05,-1.89298729226e-07,2.81145977974,2.67524623871,1.48077857494,0.139617711306,0.126620084047,-0.002365648048,363054.875,363584.84375,18089.4199219,27556.2324219,5235,4917,5235,4917,0,5235.40542593,4916.97838817,5235.46,4917.12,5235.75940388,4917.49064487,5215.66973521,1254.29712108,5215.29760103,1254.8283627,5215.394845,1254.71781491,5215.58819001,1254.27766735,524,133.990377526,-224.524293534,0.0380251991141,False,50.8496562754,154.129365181,133.355512167,-224.136286522,134.02843527,-223.781301159
27,27,R-12C15,114,FTO28,flatNominal,28,28,7.40949236826,14.35835161,0.0,15.0048730152,0.37336625746,14.9885271435,-0.407464455868,4.94833951526,-0.046865647656,-0.0328741041554,-0.175333748947,0.0187559488544,flatNominal,ApogeeBoss,-12.0,14.0,156.8,-232.7876,0,0,-1,0,1,0,0,0,0,1,126.856663227,128.961650133,,,,,147.977411881,-225.500105538,147.27914233,-225.764324999,147.421193361,-224.996350198,535,62.000705719,382,355,5179,5201,5013,5035,5189.39811687,5022.80081678,7.44681670553,8.09339376639,0.0265694714822,2.59289724671e-05,2.83551002852e-05,-3.60857580601e-07,2.84508061409,2.72868585587,1.5297960043,0.134287133813,0.123559005558,-0.000881691521499,371517.53125,371983.71875,18932.03125,28673.90625,5189,5022,5189,5022,0,5189.04503558,5022.23731331,5189.14,5022.35,5189.48113413,5022.8009998,5330.40206562,1246.70302485,5330.06562027,1247.27661624,5330.11643163,1247.14067332,5330.36384941,1246.62932667,535,147.987284623,-225.528556926,0.030115652326,False,126.714165184,129.163578889,147.289289512,-225.793500533,147.430543875,-225.025378801
28,28,R-11C1,673,FTO29,flatNominal,29,29,7.39038497492,14.323941219,0.0,14.973306884,0.382512789248,14.9764287885,-0.375553158592,-0.10498212975,1.74225007419,0.102863481629,0.0017087218737,0.0211470392591,flatNominal,ApogeeBoss,-11.0,0.0,-168.0,-213.3887,0,0,-1,0,1,0,0,0,0,1,69.5148164034,100.282580853,,,,,-158.946638523,-201.926439686,-159.228170385,-201.227346265,-158.478094428,-201.337163322,216,62.000705719,359,344,6175,6194,2675,2702,6183.34157871,2689.57990707,6.05576236262,13.5234808782,0.565313068217,3.27600385228e-05,6.51092745579e-05,3.42247920366e-06,3.68320965767,2.45218467712,1.49566602707,0.165778890252,0.0742351487279,-0.01385988947,268712.65625,269365.34375,11568.46875,17154.78125,6183,2689,6183,2689,0,6182.96977892,2688.95406438,6183.08,2689.33,6183.25012738,2689.18072295,2801.97896468,1443.98465474,2801.595895,1444.60366344,2801.87769439,1444.33345913,2801.66727526,1444.25028797,216,-158.939474568,-201.912404468,0.0157578429928,False,69.633260752,100.156831536,-159.220917296,-201.213275158,-158.470855346,-201.323187845
29,29,R-11C2,54,FTO30,flatNominal,30,30,7.41184426741,14.388870064,0.0,14.965,0.376,15.0363199697,-0.3748339495,-0.452739686606,-0.552456265362,0.202588501203,-0.0987397710864,-1.0,flatNominal,Boss,-11.0,1.0,-145.6,-213.3887,0,0,-1,0,1,0,0,0,0,1,10.0130154938,169.957487583,,,,,-144.207911324,-206.513668928,-144.573446367,-205.930843194,-143.821446962,-205.873093275,237,62.000705719,371,355,6148,6166,2813,2839,6156.45215094,2826.91476278,5.83553207684,15.6870874053,0.360252138448,3.02377815695e-05,6.40681153302e-05,1.6802022298e-06,3.96235322952,2.41296005249,1.53429329395,0.171607270837,0.0638372004032,-0.00788188166916,283044.71875,283802.96875,11192.6416016,17078.203125,6156,2826,6156,2826,0,6156.07425618,2826.36594529,6156.2,2826.69,6156.49916772,2826.57041962,2936.18821066,1404.33894609,2935.8762589,1404.92775097,2936.10637906,1404.6635479,2935.86113698,1404.45644333,237,-142.596383498,-206.631229421,1.61581013783,True,10.0732300033,163.489980029,-142.894594622,-206.01125214,-142.140847788,-206.037782636
30,30,R-11C3,677,FTO31,flatNominal,31,31,7.44669746467,14.3290228285,0.0,14.9529407152,0.390888710049,14.9728692388,-0.357371384145,0.443484474227,-0.236521168833,0.219471688173,-0.100749565087,0.0216273686602,flatNominal,ApogeeBoss,-11.0,2.0,-123.2,-213.3887,0,0,-1,0,1,0,0,0,0,1,204.645724297,86.8773669004,,,,,-139.769145061,-212.169172602,-140.20400608,-212.763279837,-140.499549842,-212.075570452,243,62.000705719,385,365,6177,6195,2855,2882,6185.62586714,2869.04297568,5.97031747179,16.4420309063,0.351376590378,3.42932120602e-05,7.42669874862e-05,1.93694426722e-06,4.05632925034,2.44101214409,1.53729176521,0.167706206441,0.0608963295817,-0.00716797541827,273160.40625,273750.625,10117.3105469,14798.4335938,6185,2869,6185,2868,0,6185.29713881,2868.36148295,6185.4,2868.82,6185.60545244,2868.82979686,2960.05751984,1358.99417662,2959.60519207,1359.6007195,2959.96889852,1359.29686184,2959.87792625,1359.11083044,243,-139.714446249,-212.163803774,0.0549616625703,False,204.238949195,87.3568141945,-140.148553371,-212.758462096,-140.444969164,-212.071128122
31,31,R-11C4,1192,FTO32,flatNominal,32,32,7.43542374834,14.3207903052,0.0,14.9605289214,0.375702106301,14.9607085449,-0.366763773803,-0.193787210737,-1.16121042749,0.201342600122,-0.0853542561829,0.018390046384,flatNominal,ApogeeBoss,-11.0,3.0,-100.8,-213.3887,0,0,-1,0,1,0,0,0,0,1,106.547094584,112.717570066,,,,,-102.549695904,-200.197704512,-103.239184644,-199.923801522,-102.653503958,-199.467475159,279,62.000705719,382,358,5951,5969,3082,3110,5959.63639848,3095.25209916,6.25231878147,15.057054037,0.234753928431,3.18321736793e-05,6.40850391628e-05,6.21288313177e-07,3.88114786148,2.49921274185,1.54415929317,0.1600343436,0.0664529576898,-0.00499017816037,288367.34375,288896.90625,12099.9453125,18109.3203125,5959,3095,5959,3095,0,5959.24670215,3095.01205662,5959.35,3094.98,5959.6870304,3095.56970769,3265.1169117,1454.80949338,3265.08421454,1455.2660178,3265.00737852,1455.19277659,3265.37513654,1454.61776779,279,-102.576490991,-200.173783728,0.0359190836335,False,106.83969235,112.506207922,-103.266367385,-199.900858591,-102.68133428,-199.443702292
32,32,R-11C5,214,FTO33,flatNominal,33,33,7.41116053959,14.3703301442,0.0,14.9961131154,0.400931588309,15.0171389736,-0.3748339495,-0.0895258499832,5.56456762333,0.237010520977,-0.151279802885,0.0155230732619,flatNominal,ApogeeBoss,-11.0,4.0,-78.4,-213.3887,0,0,-1,0,1,0,0,0,0,1,227.310369015,132.831712961,,,,,-82.5843283402,-222.893567009,-82.1240701019,-223.477101772,-82.894052544,-223.573958858,318,62.000705719,366,345,6039,6060,3317,3343,6048.88603312,3327.76029334,6.82039078339,9.97127623398,0.267002989571,3.09411494506e-05,4.86065114464e-05,-2.3390875684e-07,3.16128802299,2.60728311539,1.48685491085,0.146773025393,0.100393302739,-0.00786034483463,302688.9375,303276.59375,13575.3710938,18900.2460938,6048,3327,6048,3327,0,6048.50513399,3327.68697263,6048.55,3327.48,6048.87646478,3327.99289805,3430.02828526,1268.18206637,3430.13935778,1268.55371536,3429.93313906,1268.60644529,3430.23896531,1268.0830188,318,-82.6062593792,-222.884689904,0.0236595320468,False,227.18279965,132.826481375,-82.147354901,-223.469289892,-82.9175597713,-223.564362044
33,33,R-11C6,1306,FTO34,flatNominal,34,34,7.41350345866,14.3174452241,0.0,14.9619271102,0.372659538173,14.9682263348,-0.375942584201,0.622006926793,0.0650132971131,0.182687626767,-0.110166169996,0.0184858732466,flatNominal,ApogeeBoss,-11.0,5.0,-56.0,-213.3887,0,0,-1,0,1,0,0,0,0,1,143.443830013,64.8679214716,,,,,-58.700479503,-195.046265618,-59.3388576867,-194.663244303,-58.687161544,-194.294819337,327,62.000705719,385,375,5747,5769,3386,3412,5756.76634797,3397.11275708,7.44609013012,9.43042170923,0.221071787674,2.80191585422e-05,3.70851656612e-05,-5.47018377558e-07,3.07485818863,2.72429060936,1.46117830276,0.1343922019,0.106113649905,-0.00630095368251,350357.3125,351098.4375,16797.8105469,24787.3085938,5756,3397,5756,3397,0,5756.37892431,3396.84194866,5756.44,3396.89,5756.79553151,3397.33342484,3626.57048772,1495.15086894,3626.50945899,1495.61960104,3626.52108316,1495.5397732,3626.75266814,1495.02297745,327,-58.7387405837,-195.036259212,0.0395479259729,False,143.677060257,64.6978080327,-59.3775403147,-194.653941364,-58.7262504228,-194.284798716
34,34,R-11C7,1318,FTO35,flatNominal,35,35,7.4015834245,14.3141146447,0.0,14.9497227527,0.389092196158,14.9773173821,-0.350892664919,-0.578964558834,-0.483561133433,0.179651693351,0.0429072793358,0.0161220317758,flatNominal,ApogeeBoss,-11.0,6.0,-33.6,-213.3887,0,0,-1,0,1,0,0,0,0,1,232.917730808,149.541853666,,,,,-34.1942568583,-222.373554477,-33.6000947552,-222.823400895,-34.2790085024,-223.11906148,370,62.000705719,366,350,5852,5873,3670,3693,5862.06341751,3680.82633366,7.05964289197,8.2850782348,0.211857516625,2.71446561947e-05,3.08890981656e-05,-1.04313213203e-07,2.88455724716,2.65029239655,1.4043469429,0.141759008169,0.120791614056,-0.00724983168766,345283.53125,345786.03125,16217.3984375,22421.1484375,5862,3680,5862,3680,0,5861.51260182,3680.37438412,5861.74,3680.46,5862.01985758,3680.65453682,3829.46835142,1270.62175437,3829.32223554,1271.31911113,3829.29368649,1271.07342934,3829.33615225,1270.73980097,370,-34.1786089199,-222.376327832,0.0158918052234,False,233.042723618,149.526526228,-33.5835868898,-222.825036187,-34.261933493,-223.121995686
35,35,R-11C8,661,FTO36,flatNominal,36,36,7.33897217029,14.3245271871,0.0,14.9537001317,0.407878804382,14.9991081312,-0.345679819046,-0.361429667823,0.0750504849369,0.160686270136,-0.07748450056,0.0169563409934,flatNominal,ApogeeBoss,-11.0,7.0,-11.2,-213.3887,0,0,-1,0,1,0,0,0,0,1,255.870594978,52.4132448435,,,,,-29.6712592549,-220.531550247,-29.9159704473,-221.240309829,-30.4156643737,-220.674431339,377,62.000705719,381,365,5821,5843,3696,3720,5831.44456832,3707.13802779,7.25624501007,8.32181419332,0.158342735248,2.52789313798e-05,2.7180682623e-05,-5.18034843349e-07,2.88874459267,2.689463377,1.42635405064,0.137869566679,0.120216019452,-0.00524660712108,377341.34375,377915.5625,18548.9140625,27704.2246094,5831,3707,5831,3707,0,5831.04078637,3706.61621069,5831.15,3706.79,5831.4124893,3706.97836872,3866.95456629,1285.60851083,3866.678524,1286.2077884,3866.78044947,1286.02939195,3866.82782242,1285.71076577,377,-29.6377138802,-220.532403148,0.0335562155588,False,255.616596944,52.8315453914,-29.8803916162,-221.241861554,-30.3817062102,-220.677418321
36,36,R-11C9,1169,FTO37,flatNominal,37,37,7.3924594427,14.3455419548,0.0,14.9792355603,0.398591393226,15.0043618969,-0.35963675407,0.245708169825,-0.135799858116,0.184411409916,-0.0188303549132,0.0153668256845,flatNominal,ApogeeBoss,-11.0,8.0,11.2,-213.3887,0,0,-1,0,1,0,0,0,0,1,317.790677547,92.0208621025,,,,,17.2148088022,-228.306113797,17.9563153495,-228.409122169,17.4873655571,-229.00546716,424,62.000705719,373,351,5699,5721,4070,4092,5709.53643425,4079.80493883,7.04221110757,8.26627172426,0.24053198769,2.57166023131e-05,2.93387032361e-05,9.99635211241e-07,2.88302636147,2.64511656761,1.38356471062,0.142142131925,0.121093869209,-0.00827210396528,361076.28125,361489.0625,18043.1777344,27375.4902344,5709,4079,5709,4079,0,5709.11182864,4079.34099422,5709.23,4079.42,5709.5167235,4079.73950916,4253.76557211,1221.42544834,4253.55047355,1222.0164366,4253.56321415,1221.87489729,4253.7166661,1221.4731742,424,17.2305903273,-228.304389011,0.0158754975644,False,317.875743978,91.9830578844,17.972181592,-228.406785693,17.5037238729,-229.003517309
37,37,R-11C10,1372,FTO38,flatNominal,38,38,7.41441941191,14.3526540434,0.0,14.9942312621,0.375329074003,14.9923588125,-0.379384696304,0.793488623231,0.473765329084,0.179947922442,-0.164599086658,0.0181160567394,flatNominal,ApogeeBoss,-11.0,9.0,33.6,-213.3887,0,0,-1,0,1,0,0,0,0,1,45.9253513813,86.4767628908,,,,,49.2148823053,-208.741370964,49.419795317,-208.026875408,49.9395675915,-208.574080273,447,62.000705719,370,346,5435,5457,4230,4252,5445.41786479,4240.54358339,7.23013725125,8.16817263366,0.158559664654,2.63961732513e-05,2.98271293923e-05,2.21498051387e-07,2.8625600338,2.68403816223,1.40779364109,0.138368859887,0.122478544712,-0.00537200225517,353724.03125,354185.28125,18052.8417969,28015.1542969,5445,4240,5445,4240,0,5445.05974908,4240.00664357,5445.15,4240.14,5445.3985252,4240.4924171,4518.39749291,1381.31752783,4518.08692963,1381.88330311,4518.15790296,1381.73912473,4518.36106303,1381.35833067,447,49.2199437951,-208.745836595,0.00674985507766,False,45.9298339606,86.4453104746,49.4251931061,-208.031437574,49.9447077469,-208.578887041
38,38,R-11C11,1312,FTO39,flatNominal,39,39,7.38544795206,14.3251519015,0.0,14.9636912535,0.386282741638,14.9720579529,-0.371180629491,1.41752082011,-0.0209102342214,0.096299928972,-0.052504996401,0.0226948793566,flatNominal,ApogeeBoss,-11.0,10.0,56.0,-213.3887,0,0,-1,0,1,0,0,0,0,1,332.604818344,79.8737704754,,,,,64.2834393876,-228.569594982,65.0269412878,-228.634029327,64.5871398293,-229.250791386,469,62.000705719,388,369,5521,5543,4414,4437,5531.81953834,4424.75198734,7.37766182735,8.14845378274,0.0678883884589,2.69474467227e-05,2.93151539248e-05,-4.57913635435e-07,2.85558891296,2.715092659,1.48361456394,0.135554686189,0.122732080519,-0.00225873268209,370662.28125,371206.34375,17969.4179688,26899.6054688,5531,4424,5531,4424,0,5531.5261602,4424.2526389,5531.55,4424.35,5531.77899088,4424.73228733,4641.79678527,1219.54422988,4641.48962736,1220.03522238,4641.56400568,1219.96812828,4641.79806165,1219.58929161,469,64.2684017697,-228.559767468,0.0179641305857,False,332.463460639,80.0241700346,65.011913829,-228.62408448,64.5722097073,-229.240915936
39,39,R-11C12,289,FTO40,flatNominal,40,40,7.39566591148,14.3274366844,0.0,14.969439321,0.363272151672,14.955172794,-0.389273290676,0.518380396501,-0.35785135759,0.193822894902,-0.107879735615,0.0238347204397,flatNominal,ApogeeBoss,-11.0,11.0,78.4,-213.3887,0,0,-1,0,1,0,0,0,0,1,164.213590622,90.060210228,,,,,66.437699592,-202.60322796,65.7217619299,-202.780899864,65.9374452677,-202.059783456,458,62.000705719,376,351,5325,5347,4333,4356,5335.01807281,4343.56790372,7.18001956288,8.08444045163,0.130795481271,2.70869201911e-05,2.97264780197e-05,-1.99815965709e-07,2.84657263756,2.67609500885,1.43002009392,0.139316439629,0.123730868101,-0.00450790906325,359059.78125,359500.4375,18172.578125,26402.390625,5335,4343,5335,4343,0,5334.53784818,4343.01307113,5334.77,4343.15,5335.04525429,4343.48919219,4660.78914683,1431.58423195,4660.51916794,1432.26655613,4660.53531438,1431.995207,4660.7067854,1431.59651739,458,66.4448007701,-202.622737323,0.0207615510045,False,164.120112565,90.2214362554,65.7290736921,-202.801255646,65.9439042132,-202.079884712
40,40,R-11C13,115,FTO41,flatNominal,41,41,7.39467216205,14.367806617,0.0,15.0074347186,0.378118495582,15.0110688477,-0.373702043303,-0.366908628455,0.745053411071,0.175550635208,-0.115718097716,0.0332974085906,flatNominal,ApogeeBoss,-11.0,12.0,100.8,-213.3887,0,0,-1,0,1,0,0,0,0,1,70.6322568655,114.018902779,,,,,106.385081829,-201.748679116,105.95234594,-201.144661438,106.700953376,-201.075132769,488,62.000705719,376,359,5165,5187,4622,4644,5175.72217154,4631.83704613,7.35101365215,7.90543203825,0.0576471990072,2.37210093076e-05,2.59781383916e-05,-6.10314043338e-07,2.81271457672,2.71018147469,1.46827971935,0.136043444276,0.126502528787,-0.00198408472352,382182.90625,382703.15625,18746.5566406,28585.3066406,5175,4631,5175,4631,0,5175.42985215,4631.32093149,5175.47,4631.41,5175.85059302,4631.82982382,4990.0466464,1439.5705702,4989.72413202,1440.06837481,4989.78429076,1439.9865363,4989.98087354,1439.46003439,488,106.381252425,-201.72951536,0.0195426163009,False,70.7979409006,113.897338374,105.94805155,-201.125831083,106.696605226,-201.055725982
41,41,R-11C14,1156,FTO42,flatNominal,42,42,7.37136571373,14.3175563875,0.0,14.9640424376,0.37441644707,14.9583938643,-0.386995825461,0.120152082598,-1.04665589284,0.18535359048,-0.139441793205,0.0237135203672,flatNominal,ApogeeBoss,-11.0,13.0,123.2,-213.3887,0,0,-1,0,1,0,0,0,0,1,97.6781129837,62.5589579344,,,,,135.422178947,-199.179659799,135.300313931,-198.442583951,136.010626468,-198.71687696,514,62.000705719,375,355,5035,5057,4824,4846,5045.95599776,4833.96292118,7.42345249431,8.03221454108,0.129634153066,2.67820823505e-05,2.877467958e-05,-2.13778629772e-07,2.83877968788,2.71974205971,1.36948239803,0.134746193886,0.124533765018,-0.00434941286221,362202.40625,362691.84375,16897.5214844,23127.7089844,5046,4833,5045,4833,0,5045.5024409,4833.46966246,5045.71,4833.51,5046.07200428,4833.86577931,5229.26721471,1461.19576198,5229.0395066,1461.82597386,5228.98082648,1461.62033466,5229.12744722,1461.13780421,514,135.444927192,-199.187286655,0.0239927402453,False,97.6862753085,62.4528449944,135.324322429,-198.450003548,136.034165008,-198.725510479
42,42,R-11C15,155,FTO43,flatNominal,43,43,7.43521897981,14.3193437154,0.0,14.965,0.376,14.9643895279,-0.3748339495,0.495575379998,5.9233259468,0.152056483957,-0.123057940537,-1.0,flatNominal,Boss,-11.0,14.0,145.6,-213.3887,0,0,-1,0,1,0,0,0,0,1,272.463490963,35.2404284477,,,,,127.772509242,-223.893690505,127.570796221,-224.613106862,127.048504777,-224.073696407,517,62.000705719,384,365,5244,5266,4860,4883,5254.92833416,4870.4044686,7.22119034239,7.99894318133,0.0195143227114,2.2941834034e-05,2.52752459615e-05,-1.98923996746e-07,2.82832670212,2.68713617325,1.54572665691,0.138482242823,0.125017344952,-0.000675686053,396684.9375,397237.0,19703.921875,27960.1074219,5255,4870,5255,4870,0,5254.37854059,4869.81324102,5254.67,4869.98,5254.98214084,4870.36157399,5164.9739456,1259.04779809,5164.70385574,1259.8086361,5164.71634503,1259.47297062,5164.91103527,1259.01991628,517,127.812094541,-223.911501769,0.0434077997839,False,272.277725016,35.6601403586,127.613320663,-224.631735747,127.088831097,-224.094462364
43,43,R-11C16,293,FTO44,flatNominal,44,44,7.4249761347,14.3036460217,0.0,14.9414545154,0.36875508901,14.9381581263,-0.3740170518,0.630718455884,-0.127831011389,-0.0318442271946,-0.239509068847,0.0256286367249,flatNominal,ApogeeBoss,-11.0,15.0,168.0,-213.3887,0,0,-1,0,1,0,0,0,0,1,288.251338005,166.763942242,,,,,174.972436307,-214.384276561,175.571829045,-213.955897832,175.639973922,-214.695544771,551,62.000705719,377,361,4995,5017,5168,5189,5005.04336249,5177.15777487,7.69571614148,7.84096327611,-0.07007587919,2.99791379241e-05,2.98184330193e-05,-5.54383689701e-07,2.80522012711,2.76901054382,-1.18702304363,0.129952996969,0.12754572928,0.00232281931676,350667.21875,351259.03125,16847.4960938,24082.9335938,5005,5177,5005,5177,0,5004.64982279,5176.41050389,5004.81,5176.68,5005.09223666,5177.43704483,5552.50073909,1338.81667863,5552.02004605,1339.51110042,5552.18381444,1339.24611596,5552.72578073,1338.64423543,551,175.009021949,-214.388634767,0.0368443099096,False,289.425388069,166.149890138,175.604199234,-213.954418242,175.679569908,-214.693363829
44,44,R-10C1,194,FTO45,flatNominal,45,45,7.39623020321,14.3064234486,0.0,14.9436999071,0.385134933933,14.9430239759,-0.385828377162,0.602709293919,0.233859094705,0.153133235432,-0.0427665000068,0.0180818181416,flatNominal,ApogeeBoss,-10.0,0.0,-179.2,-193.9897,0,0,-1,0,1,0,0,0,0,1,173.174250126,122.917839289,,,,,-191.196215601,-193.269288812,-191.589972708,-193.90127421,-191.938524476,-193.213599469,176,62.000705719,346,330,6232,6252,2409,2434,6240.67202575,2421.57980605,6.56619568598,9.1607626374,0.534446693751,2.93244012509e-05,4.14796858328e-05,2.30341716605e-06,3.04409909248,2.54173541069,1.37540340424,0.15302182734,0.109682053328,-0.017854847014,299720.375,300305.75,14831.0742188,22163.4492188,6240,2421,6240,2421,0,6240.24905944,2421.15943531,6240.34,2421.26,6240.66784256,2421.42478417,2537.83270556,1517.04345365,2537.65548725,1517.61284432,2537.69632954,1517.48366312,2537.6971775,1517.11882889,176,-191.178868433,-193.260161751,0.0196017214024,False,172.992767091,123.046763173,-191.573205114,-193.891785677,-191.92112591,-193.203791489
45,45,R-10C2,425,FTO46,flatNominal,46,46,7.46380533734,14.3539827173,0.0,14.965,0.376,15.0002262827,-0.3748339495,-0.240383379763,-0.0459861222415,0.186738462934,-0.101165610814,-1.0,flatNominal,Boss,-10.0,1.0,-156.8,-193.9897,0,0,-1,0,1,0,0,0,0,1,250.567481518,36.9105863571,,,,,-177.641971613,-195.906350211,-178.114555192,-196.446149137,-178.370131323,-195.739273369,191,62.000705719,360,347,6200,6221,2518,2543,6209.5373434,2530.87736007,6.46798429107,10.2686010398,0.429516619312,2.75076101539e-05,4.37577140283e-05,1.32658547136e-06,3.21193671227,2.53378129005,1.45965158939,0.155038312078,0.0976555049419,-0.0129699334502,311453.28125,312004.0625,14328.1738281,21360.1738281,6209,2530,6209,2530,0,6209.14013638,2530.46843829,6209.24,2530.59,6209.5422571,2530.66919492,2649.14310824,1494.12363656,2648.96413362,1494.66489299,2649.02046828,1494.51878336,2648.95625121,1494.21551323,191,-177.574884854,-195.938790829,0.0745186345575,False,249.882177764,38.082561349,-178.04286638,-196.482584367,-178.304437434,-195.77790494
46,46,R-10C3,1331,FTO47,flatNominal,47,47,7.38398719743,14.3240186709,0.0,14.9739186324,0.364219803188,14.9578059104,-0.401470481917,0.0788380738935,-0.170557914884,0.201787469347,-0.13502683374,0.0203452218355,flatNominal,ApogeeBoss,-10.0,2.0,-134.4,-193.9897,0,0,-1,0,1,0,0,0,0,1,257.334952354,23.3313184977,,,,,-155.822324448,-195.211123664,-156.394347428,-195.688424131,-156.519023805,-194.932780675,215,62.000705719,361,338,6115,6133,2673,2700,6123.26426507,2687.40387101,5.95362547173,13.6393665285,0.403903130991,3.37035204187e-05,6.97543356147e-05,2.69151797272e-06,3.69601607323,2.4356637001,1.51843631268,0.168302997947,0.0734647810459,-0.00996792782098,263050.71875,263634.28125,11230.6054688,16401.1679688,6123,2687,6123,2687,0,6122.85406948,2686.7437371,6122.98,2687.16,6123.24957435,2686.98209405,2827.82287898,1498.26274277,2827.42715258,1498.9316507,2827.73442151,1498.62395386,2827.45566984,1498.47075494,215,-155.752036279,-195.242587788,0.0770092066359,False,256.13841485,25.2677155086,-156.317848365,-195.727234781,-156.452271689,-194.973264223
47,47,R-10C5,236,FTO49,flatNominal,49,49,7.44232879832,14.3287368569,0.0,14.965,0.376,14.974107467,-0.3748339495,0.0463059286254,0.973002356004,0.214547863738,-0.19351030858,-1.0,flatNominal,Boss,-10.0,4.0,-89.6,-193.9897,0,0,-1,0,1,0,0,0,0,1,155.192044973,91.1982822418,,,,,-99.9056949123,-181.941939564,-100.637577321,-182.044676739,-100.357560618,-181.347952108,273,62.000705719,368,357,5809,5827,3033,3059,5817.69498847,3045.25900135,6.08683397857,15.917840159,0.0449014220008,3.97755136366e-05,8.60428114481e-05,-6.42372969938e-07,3.98974251747,2.46710944176,1.566229105,0.164292439818,0.0628238990903,-0.000926880049519,243120.296875,243761.1875,9607.22363281,14422.7236328,5817,3045,5817,3045,0,5817.39861787,3044.92571309,5817.44,3044.92,5817.78538347,3045.44955371,3286.40558373,1603.78420985,3286.24705911,1604.20108698,3286.21888649,1604.1669698,3286.53276228,1603.61596279,273,-99.9636802269,-181.983209841,0.0711725543516,False,155.483356815,91.1537517273,-100.695113344,-182.089098378,-100.418100124,-181.39117414
48,48,R-10C6,202,FTO50,flatNominal,50,50,7.38093276457,14.3817057229,0.0,14.965,0.376,15.0289078988,-0.3748339495,0.288348954206,-2.89915605981,0.121217852296,-0.0414832716513,-1.0,flatNominal,Boss,-10.0,5.0,-67.2,-193.9897,0,0,-1,0,1,0,0,0,0,1,271.94327116,115.078010559,,,,,-68.6732775569,-207.494424055,-68.0898303454,-207.8701867,-68.7471345635,-208.238679582,322,62.000705719,373,354,5875,5896,3360,3386,5884.67251391,3371.60167179,7.13612684756,9.6151031665,0.282713458877,2.90377018572e-05,4.05199852791e-05,-1.68718592824e-07,3.10595178604,2.6653881073,1.4586700201,0.14029546082,0.104124337435,-0.00825023185462,328990.4375,329614.0625,15918.8681641,23411.3671875,5884,3371,5884,3371,0,5884.20128104,3371.40629403,5884.32,3371.35,5884.70867391,3371.83141316,3544.81872045,1393.52680039,3544.86332267,1394.03497706,3544.75746497,1393.96088494,3545.0057215,1393.38852801,322,-68.6544573392,-207.478508794,0.0246474365258,False,271.887099221,115.217766401,-68.0704625807,-207.853419898,-68.7272285369,-208.222871273
49,49,R-10C8,1388,FTO52,flatNominal,52,52,7.42760241745,14.3078445843,0.0,14.965,0.376,14.9524927781,-0.3748339495,-0.392220322516,1.69799065098,0.27488878563,-0.315505573652,-1.0,flatNominal,Boss,-10.0,7.0,-22.4,-193.9897,0,0,-1,0,1,0,0,0,0,1,24.744976759,72.2200012207,,,,,-5.49367477503,-198.973115065,-4.89744216933,-198.506493248,-4.80181110013,-199.25131722,391,62.000705719,382,360,5573,5594,3792,3815,5582.97934261,3802.90438551,7.51695016784,8.80226063129,0.174474800008,2.69719206467e-05,3.09598472728e-05,7.58436485466e-08,2.97077822685,2.73745989799,1.43824601173,0.133093908429,0.113659471273,-0.00527626555413,359256.53125,359799.1875,16050.5644531,22999.3125,5583,3802,5582,3802,0,5582.39608908,3802.38015196,5582.69,3802.49,5583.00572411,3802.79939889,4066.73740246,1461.65674861,4066.54218632,1462.41628542,4066.50611756,1462.10369968,4066.63211205,1461.68189028,391,-5.48199161628,-198.966036183,0.0136604090681,False,24.8459959889,72.1257329509,-4.88581399514,-198.499344117,-4.7900951666,-199.244156816
50,50,R-10C9,1106,FTO53,flatNominal,53,53,7.37037421494,14.3284230243,0.0,14.965,0.376,14.9737827826,-0.3748339495,-0.535374899025,-1.98857048025,0.31823317783,-0.141792141684,-1.0,flatNominal,Boss,-10.0,8.0,0.0,-193.9897,0,0,-1,0,1,0,0,0,0,1,29.9004399776,70.9434038401,,,,,17.6500612803,-198.65798925,18.2255315196,-198.193833834,18.342867427,-198.935494836,406,62.000705719,394,375,5481,5504,3960,3984,5492.21402568,3971.11481727,7.53742601563,8.40873440873,0.198840805366,2.52609911295e-05,2.79592707199e-05,2.26024010835e-07,2.9072265625,2.7375524044,1.35670685768,0.132754102349,0.118998192251,-0.00627845525742,387800.03125,388339.34375,18828.2265625,27275.1015625,5492,3971,5492,3971,0,5491.8113153,3970.49266483,5491.95,3970.73,5492.19162917,3971.0315631,4257.85435067,1464.3778175,4257.48884305,1465.02252944,4257.63203337,1464.79070528,4257.79088084,1464.43616508,406,17.6442957449,-198.609323458,0.0490061284678,False,29.9122595313,71.1252910735,18.2181934719,-198.143225137,18.3380361272,-198.88448521
51,51,R-10C10,148,FTO54,flatNominal,54,54,7.40911374075,14.3657843093,0.0,14.965,0.376,15.0124359521,-0.3748339495,-0.249707661293,1.03410849278,0.260806972233,-0.131056613148,-1.0,flatNominal,Boss,-10.0,9.0,22.4,-193.9897,0,0,-1,0,1,0,0,0,0,1,33.66989851,92.6161837578,,,,,37.8120786719,-191.774900134,38.0635379423,-191.113686341,38.5539872975,-191.684178426,426,62.000705719,361,339,5356,5376,4083,4105,5365.57669276,4093.34255778,7.04559210543,8.07398005961,0.195671878521,2.61577291769e-05,2.95868609733e-05,4.28009865983e-07,2.84779787064,2.6475687027,1.38898646832,0.142028301954,0.123938068748,-0.00688407570124,345353.78125,345843.0625,17216.125,26152.25,5365,4093,5365,4093,0,5365.27500561,4092.83047567,5365.35,4092.97,5365.56173489,4093.25508303,4424.78071626,1520.16511989,4424.4661083,1520.66936691,4424.55662136,1520.53859455,4424.71006508,1520.21882259,426,37.8245759303,-191.802681284,0.0304626618467,False,33.6176440544,92.5482570805,38.0774215797,-191.141996395,38.5666732175,-191.71351597
52,52,R-10C12,136,FTO56,flatNominal,56,56,7.42009519971,14.3469386022,0.0,14.965,0.376,14.9929385951,-0.3748339495,-0.260135361767,-0.169731768738,0.253140103565,-0.0259799188441,-1.0,flatNominal,Boss,-10.0,11.0,67.2,-193.9897,0,0,-1,0,1,0,0,0,0,1,109.515978098,106.177904606,,,,,65.8958686115,-180.081509384,65.2320298603,-179.793943732,65.8289558369,-179.33764168,451,62.000705719,387,369,5162,5184,4244,4268,5172.78278879,4254.89275031,7.49061160618,8.46932013493,0.0701410605922,2.65441831593e-05,2.98348071769e-05,-2.46418868508e-07,2.9110686779,2.73598432541,1.49961423874,0.133510798216,0.118082389235,-0.00221141451038,368230.65625,368776.46875,16582.6191406,23978.6816406,5172,4254,5172,4254,0,5172.56484688,4254.47551794,5172.55,4254.51,5172.9004221,4254.79299558,4657.15919736,1616.43658838,4656.88998008,1616.82272772,4656.92399033,1616.8181056,4657.0163609,1616.37839601,451,65.907581241,-180.083534008,0.0118863279449,False,109.448397213,106.202302736,65.2439594111,-179.795468115,65.8412291245,-179.339616084
53,53,R-10C13,587,FTO57,flatNominal,57,57,7.3319996649,14.3129966404,0.0,14.965,0.376,14.9578229828,-0.3748339495,-0.223926879076,1.3187999605,0.225305715503,-0.236599752618,-1.0,flatNominal,Boss,-10.0,12.0,89.6,-193.9897,0,0,-1,0,1,0,0,0,0,1,171.061141491,36.085434258,,,,,83.7582068047,-174.36736596,83.1184450386,-173.970894947,83.7832968228,-173.621931863,460,62.000705719,362,341,5053,5074,4354,4376,5062.75637024,4363.94941234,7.27928476279,7.94429884411,0.101125411894,2.77804482307e-05,2.98034817529e-05,-4.24450714414e-07,2.82122969627,2.69522666931,1.42317557335,0.137400433421,0.125898703933,-0.00349802430719,340597.1875,341019.78125,15629.0605469,22750.4980469,5062,4363,5062,4363,0,5062.55391055,4363.55254719,5062.54,4363.55,5062.89644081,4363.90580488,4804.72727676,1663.58348911,4804.46896229,1663.9464843,4804.47027138,1663.95704004,4804.62385493,1663.47944443,460,83.7521284217,-174.363909199,0.00699256253239,False,171.137393581,35.9930253632,83.1124784817,-173.967257797,83.7774286433,-173.618482207
54,54,R-10C15,215,FTO59,flatNominal,59,59,7.38498324337,14.2708568257,0.0,14.9053609948,0.382966428653,14.9203988561,-0.368434706747,7.97931626304,-0.320526572153,0.20665658251,-0.184697934461,0.0321828426149,flatNominal,ApogeeBoss,-10.0,14.0,134.4,-193.9897,0,0,-1,0,1,0,0,0,0,1,82.9936516285,149.305797815,,,,,129.245500025,-186.926520068,128.504509778,-186.940386561,128.867666856,-186.282399676,507,62.000705719,381,361,4970,4991,4733,4755,4980.1878194,4743.23814933,7.59521206195,7.91073910088,0.103016995929,2.64252498292e-05,2.63835682718e-05,-3.23479579582e-07,2.81804800034,2.75037384033,1.28156137466,0.13168515265,0.126432776451,-0.00342971971259,375269.03125,375824.75,18796.6113281,27939.9238281,4980,4743,4980,4743,0,4979.84362725,4742.6568616,4979.95,4742.83,4980.34642294,4743.14057172,5179.22352194,1561.45575562,5178.86719741,1562.02968637,5178.973222,1561.85202623,5179.06367566,1561.36022742,507,129.27326812,-186.91874867,0.0288350778029,False,82.6905020382,149.391462665,128.532230576,-186.929802401,128.897882635,-186.273198734
55,55,R-10C16,444,FTO60,flatNominal,60,60,7.43407341423,14.2936048486,0.0,14.965,0.376,14.9377606586,-0.3748339495,10.5660820169,-0.113704036029,0.111440265596,-0.120116103125,-1.0,flatNominal,Boss,-10.0,15.0,156.8,-193.9897,0,0,-1,0,1,0,0,0,0,1,55.6610620022,76.3990169764,,,,,172.182111374,-185.756132185,172.292364416,-184.994560313,172.871562838,-185.473123568,538,62.000705719,361,345,4797,4818,5040,5062,4807.31211209,5050.50407063,7.2884885259,7.93145683861,0.0466089689269,2.62436266576e-05,2.88455160211e-05,-2.29605701551e-07,2.81688094139,2.69909763336,1.49880766869,0.137207821012,0.126084983349,-0.0016125952825,347898.09375,348444.09375,17764.2148438,27271.2792969,4807,5050,4807,5050,0,4807.02916995,5049.91758151,4807.11,5050.06,4807.28973408,5050.57634025,5531.60384053,1572.70153879,5531.2145882,1573.22356213,5531.30140187,1573.0839964,5531.67826913,1572.68797205,538,172.188918481,-185.733463098,0.0236690561458,False,55.8366986547,76.2352373715,172.299013917,-184.971868426,172.878311362,-185.450311809
56,56,R-10C17,1229,FTO61,flatNominal,61,61,7.37743920273,14.3337087263,0.0,14.9858866299,0.368038362887,14.9808218852,-0.376827231501,-0.140794209746,-0.00446011921465,0.0719155725355,-0.0578891947973,0.0273292530711,flatNominal,ApogeeBoss,-10.0,16.0,179.2,-193.9897,0,0,-1,0,1,0,0,0,0,1,130.38351059,48.6129140854,,,,,185.060801796,-174.964763544,184.705913265,-174.305337745,185.450527587,-174.325335666,545,62.000705719,382,370,4669,4691,5094,5117,4679.86532302,5103.68326204,7.44066834974,8.18161229399,0.177319064631,2.54247659033e-05,2.95958410651e-05,7.89805440607e-07,2.8673787117,2.72037124634,1.3475933075,0.13446597755,0.122288458049,-0.00582852866501,370060.125,370723.90625,17869.9765625,25412.6621094,4680,5103,4680,5103,0,4679.44742126,5103.06069583,4679.68,5103.21,4679.8007726,5103.86572552,5637.67726938,1661.12742943,5637.31841777,1661.78580324,5637.34460589,1661.50470661,5637.86890586,1661.10031594,545,185.050233822,-174.997912111,0.0347923776564,False,130.039682234,49.1129313957,184.693549009,-174.33945619,185.438215079,-174.357424213
57,57,R-9C1,859,FTO62,flatNominal,62,62,7.40226528222,14.3027582795,0.0,14.9400403405,0.388962120769,14.9496026198,-0.364582284547,0.0825677285115,-0.545329253188,0.188205862921,-0.0879188451633,0.0163845045578,flatNominal,ApogeeBoss,-9.0,0.0,-190.4,-174.5907,0,0,-1,0,1,0,0,0,0,1,211.310520172,174.28024292,,,,,-188.270257064,-181.409396135,-187.647489091,-181.821197068,-188.325658546,-182.149840946,173,62.000705719,369,348,6135,6155,2384,2411,6144.02109486,2397.78158769,6.73358198906,9.31894879296,0.456624884149,2.54867374145e-05,3.49171856494e-05,1.5510810698e-06,3.06548976898,2.57978749275,1.40101802349,0.149004474282,0.107665993273,-0.014602323994,344922.25,345600.84375,15970.7861328,22415.6660156,6144,2397,6143,2397,0,6143.39693013,2397.43307363,6143.68,2397.48,6143.99467228,2397.70392762,2561.41148118,1613.74815354,2561.39099314,1614.46273307,2561.30181378,1614.18704492,2561.35483302,1613.80748502,173,-188.216412802,-181.400264944,0.0546130307628,False,212.346017332,173.98773662,-187.588357256,-181.803955652,-188.262208077,-182.141365906
58,58,R-9C2,1373,FTO63,flatNominal,63,63,7.39799825976,14.3362526715,0.0,14.965,0.376,14.9818831646,-0.3748339495,-0.0799660888479,0.0170027492908,0.197352081666,-0.152371933475,-1.0,flatNominal,Boss,-9.0,1.0,-168.0,-174.5907,0,0,-1,0,1,0,0,0,0,1,122.069284916,104.68487978,,,,,-172.30980702,-161.035212631,-173.025235694,-160.877538864,-172.522501412,-160.319600781,178,62.000705719,375,361,5927,5948,2423,2450,5936.76247354,2436.11633678,7.05287812462,9.75811084624,0.346110376565,2.89885116126e-05,4.17877836057e-05,1.31907033269e-06,3.13076519966,2.64750790596,1.44554281235,0.142033308744,0.102657534182,-0.0100755570456,324994.78125,325676.75,14850.5996094,21120.7246094,5936,2436,5936,2436,0,5936.40186533,2435.64349386,5936.46,2435.8,5936.9003632,2435.9495553,2691.21859495,1779.80778834,2690.96602033,1780.34614211,2691.08231408,1780.21999528,2691.00695973,1779.7626203,178,-172.263224209,-161.002803647,0.0567476921124,False,121.976810738,104.543253908,-172.978002686,-160.842208093,-172.472992975,-160.286328743
59,59,R-9C3,1152,FTO64,flatNominal,64,64,7.40781667773,14.3317986481,0.0,15.0003476003,0.32922550327,14.9913999575,-0.417876450649,-0.140138166841,0.0330146002765,0.211576247366,-0.143365939435,0.0152464447055,flatNominal,ApogeeBoss,-9.0,2.0,-145.6,-174.5907,0,0,-1,0,1,0,0,0,0,1,54.1430604458,97.4966454506,,,,,-132.918714517,-166.557259233,-132.889462984,-165.812617386,-132.236959359,-166.17659597,224,62.000705719,380,363,5821,5841,2730,2758,5829.51499765,2745.31802202,6.32386014389,14.9822924898,0.410889527526,3.24218772091e-05,6.67795884638e-05,1.81674768181e-06,3.87320899963,2.51085734367,1.52348268032,0.158413544297,0.0668646097183,-0.00868898630142,283978.25,284595.3125,11137.7431641,15528.5556641,5829,2745,5829,2745,0,5829.1143793,2744.46584404,5829.24,2745.04,5829.69110632,2744.83497517,3014.97578029,1731.96441698,3014.4053359,1732.71361361,3014.85849994,1732.33707581,3014.46603586,1732.03156716,224,-132.869165354,-166.562077131,0.049782844858,False,54.29476407,97.1717959484,-132.837663676,-165.81752708,-132.18626296,-166.183475843
60,60,R-9C4,1151,FTO65,flatNominal,65,65,7.35871937691,14.316038904,0.0,14.965,0.376,14.9609704423,-0.3748339495,-0.251060869291,-0.323507418527,0.209212979296,-0.0540071868456,-1.0,flatNominal,Boss,-9.0,3.0,-123.2,-174.5907,0,0,-1,0,1,0,0,0,0,1,309.333651066,65.3768384457,,,,,-125.469818612,-193.321680048,-124.946712996,-193.859162157,-125.675795122,-194.038625552,248,62.000705719,371,354,5988,6006,2889,2915,5995.80859637,2901.98691185,5.7403392702,16.9489891116,0.233757518931,3.44301614146e-05,7.90414051722e-05,2.01273381278e-06,4.1175069809,2.39488339424,1.54995334148,0.174303621054,0.0590337254107,-0.00480793090537,259161.84375,259901.71875,9199.59179688,13168.5283203,5995,2902,5995,2901,0,5995.47980538,2901.43445254,5995.54,2901.78,5995.84470534,2901.85688375,3077.0214045,1512.08025991,3076.683523,1512.62720679,3076.96668309,1512.41330484,3076.88941219,1512.10835253,248,-125.401123815,-193.329307485,0.0691169513153,False,309.542267117,65.3819684625,-124.876016727,-193.864834375,-125.604424281,-194.047016409
61,61,R-9C5,808,FTO66,flatNominal,66,66,7.35661703413,14.3215224883,0.0,14.9751521178,0.36817275248,14.9626452698,-0.393020501606,-0.413006026159,2.81153483633,0.219699415768,-0.182432859906,0.0187972196722,flatNominal,ApogeeBoss,-9.0,4.0,-100.8,-174.5907,0,0,-1,0,1,0,0,0,0,1,242.678289413,32.9176059365,,,,,-121.676201771,-173.378579001,-122.272274908,-173.834078379,-122.365753876,-173.078543287,241,62.000705719,373,360,5828,5846,2840,2867,5836.90403664,2853.72739013,5.93310417196,16.6948583077,0.311920303182,3.33228959497e-05,7.38024077025e-05,2.29672613562e-06,4.08703947067,2.43394136429,1.5418446064,0.168711557984,0.059957575053,-0.00630428316072,267651.0,268334.25,9700.91015625,13767.5351562,5837,2853,5836,2853,0,5836.38906111,2853.1379428,5836.67,2853.49,5837.08045193,2853.46332205,3107.6892686,1675.29521832,3107.40466111,1676.02435927,3107.59065187,1675.60955246,3107.3735566,1675.26086374,241,-121.622813321,-173.401639887,0.0581560920325,False,242.025558882,33.9624716717,-122.215755062,-173.861208119,-122.31440272,-173.106330493
62,62,R-9C6,1383,FTO67,flatNominal,67,67,7.37592120809,14.3343931087,0.0,14.9654680396,0.396605861986,14.9771349711,-0.375971956177,-1.10422063561,0.692460884474,0.336645027907,-0.169000593815,0.0253126743083,flatNominal,ApogeeBoss,-9.0,5.0,-78.4,-174.5907,0,0,-1,0,1,0,0,0,0,1,152.005494833,79.3083500862,,,,,-86.1064557434,-159.442440084,-86.8463321812,-159.352247873,-86.3681622099,-158.745316179,274,62.000705719,377,362,5593,5611,3048,3075,5601.54556933,3060.68498418,6.27524679943,15.6971250249,0.281173603017,3.46741568024e-05,7.543561389e-05,6.51169089574e-07,3.9630177021,2.50337028503,1.54098904133,0.159484282136,0.0637571066618,-0.00571350101382,266815.28125,267559.4375,10469.5839844,14786.4589844,5601,3060,5601,3060,0,5601.17206975,3060.57064565,5601.26,3060.37,5601.65037496,3060.93499615,3400.00907297,1788.31816222,3400.08035313,1788.70221218,3399.86267512,1788.71845225,3400.18231392,1788.10964897,274,-86.1610290107,-159.459433574,0.0571578536354,False,152.255611117,79.2258904312,-86.9011661974,-159.371406743,-86.4247742501,-158.763078448
63,63,R-9C7,1108,FTO68,flatNominal,68,68,7.41474330237,14.3402312339,0.0,14.9815941431,0.375849032974,14.9879370749,-0.386723580564,-0.556658272198,0.0051356708588,0.357511098635,-0.344477943773,0.0178945752823,flatNominal,ApogeeBoss,-9.0,6.0,-56.0,-174.5907,0,0,-1,0,1,0,0,0,0,1,45.0432640314,150.072255135,,,,,-54.7546641945,-166.358552929,-55.2797141114,-165.83231015,-54.5432399595,-165.634413593,315,62.000705719,377,358,5523,5544,3305,3331,5532.7571458,3316.87424764,7.27455456177,9.955804042,0.258250812288,2.85261327408e-05,4.12075840527e-05,-1.07071868911e-07,3.15918517113,2.69256520271,1.47564458847,0.137592166662,0.100536502898,-0.00713820569217,329329.46875,329935.71875,14743.0019531,21375.5039062,5532,3317,5532,3317,0,5532.39637432,3316.65151093,5532.45,3316.62,5532.83066559,3317.24694172,3658.97932432,1730.87954425,3658.94860087,1731.30241984,3658.89628726,1731.26734531,3659.27581401,1730.6420576,315,-54.8154409401,-166.321141542,0.0713682328024,False,45.8416581958,149.827652343,-55.345552643,-165.799998127,-54.6110256281,-165.594992546
64,64,R-9C8,1336,FTO69,flatNominal,69,69,7.41645761521,14.3137184868,0.0,14.9549231712,0.381690796663,14.9626772528,-0.373148051234,0.332257129422,-0.186886774577,0.285205838671,-0.247596935933,0.0189027978839,flatNominal,ApogeeBoss,-9.0,7.0,-33.6,-174.5907,0,0,-1,0,1,0,0,0,0,1,277.28998661,51.8841308355,,,,,-48.5021046357,-188.169801858,-48.5010156418,-188.916012368,-49.1541531028,-188.537524232,333,62.000705719,377,361,5658,5679,3434,3461,5667.91066302,3445.77042823,7.38200777519,8.68964017045,0.302338370727,3.03135792073e-05,3.7803232946e-05,2.08823328353e-07,2.95908093452,2.70471596718,1.35422873497,0.135657817125,0.115243785083,-0.00943987537175,332310.0625,332959.46875,15244.203125,21167.7050781,5668,3446,5667,3445,0,5667.33890652,3445.37815425,5667.61,3445.57,5667.95602407,3445.96375967,3710.79407937,1551.44730147,3710.7105602,1552.13563927,3710.7582877,1551.80518661,3710.94454119,1551.31770243,333,-48.5389631617,-188.14009554,0.0473393734737,False,277.224247661,51.7834045507,-48.5400421843,-188.886306064,-49.1920772435,-188.505921925
65,65,R-9C9,1187,FTO70,flatNominal,70,70,7.37350423724,14.3128761308,0.0,14.9679841173,0.36607549512,14.9595199202,-0.386202354771,-0.0188696121666,-0.116019709995,0.259209957026,-0.326796883273,0.0145531692939,flatNominal,ApogeeBoss,-9.0,8.0,-11.2,-174.5907,0,0,-1,0,1,0,0,0,0,1,216.098628044,67.3999643326,,,,,-29.7944528596,-172.198816677,-30.347210541,-172.70639592,-30.5128507181,-171.972531534,344,62.000705719,380,360,5471,5492,3512,3535,5480.62703512,3523.07484342,7.58561330983,7.90832469966,0.179884474827,2.79798860385e-05,2.8555533778e-05,1.65207329753e-07,2.82641434669,2.73958396912,1.15097475052,0.131899639964,0.126517280936,-0.00600043591112,360308.96875,360795.09375,17687.2910156,26629.4785156,5480,3523,5480,3523,0,5480.21832504,3522.72219614,5480.32,3522.85,5480.62653396,3523.19302979,3865.92226339,1681.77909504,3865.79850663,1682.30453609,3865.8656471,1682.15506725,3866.027294,1681.72490241,344,-29.7833757249,-172.218080139,0.022221248414,False,216.045527238,67.5488917189,-30.3352837127,-172.726583153,-30.5021510379,-171.992996824
66,66,R-9C10,1150,FTO71,flatNominal,71,71,7.38737803624,14.3353669774,0.0,14.9815129982,0.35956825121,14.9732961059,-0.38649693076,-0.535022061873,-0.0552353337714,0.286422408468,0.0484926806478,0.0159498875777,flatNominal,ApogeeBoss,-9.0,9.0,11.2,-174.5907,0,0,-1,0,1,0,0,0,0,1,317.997078896,126.361838579,,,,,20.5047165502,-181.876368049,21.1860736349,-181.589058928,21.0969250438,-182.329824277,404,62.000705719,379,357,5349,5370,3919,3942,5359.33771752,3929.05637816,7.26344342878,8.57188110834,0.10966216956,2.71995771078e-05,3.20955807149e-05,-3.62134326406e-07,2.9293358326,2.6933836937,1.48775672913,0.137702345848,0.11668304354,-0.00352331949398,352066.15625,352473.21875,16669.5449219,24215.5449219,5359,3929,5359,3929,0,5359.00609529,3928.45399063,5359.1,3928.67,5359.34704608,3929.00658249,4281.98813664,1601.64611663,4281.60729136,1602.21865563,4281.75566537,1602.03088486,4281.93966897,1601.66086506,404,20.5189539956,-181.882295785,0.0154221564353,False,318.139372829,126.245513491,21.2001807898,-181.594677874,21.1113679537,-182.335483553
67,67,R-9C11,865,FTO72,flatNominal,72,72,7.36174595193,14.2858484455,0.0,14.9220949193,0.38027355486,14.9407951717,-0.362418145125,-0.505412321855,0.638030782874,0.352792858513,-0.0439432658853,0.0246485473974,flatNominal,ApogeeBoss,-9.0,10.0,33.6,-174.5907,0,0,-1,0,1,0,0,0,0,1,344.616458416,90.4131138325,,,,,45.3500848411,-185.682349753,46.0624972895,-185.477688923,45.8903827319,-186.200404108,433,62.000705719,395,373,5282,5304,4115,4138,5292.35912493,4125.58767107,7.36437459451,8.52130150327,0.160936922507,2.621603358e-05,2.96638113714e-05,3.62897535094e-07,2.92288756371,2.70968723297,1.43512022495,0.135844916105,0.11740142107,-0.0051312497817,378087.21875,378658.5625,19168.3398438,29391.2148438,5292,4125,5292,4125,0,5292.01134044,4125.06844186,5292.11,4125.2,5292.38945115,4125.49266436,4487.22143731,1570.1822762,4486.92180242,1570.730703,4486.99178606,1570.58310842,4487.12317272,1570.19930631,433,45.3595460061,-185.704485228,0.0240726587827,False,344.731868851,90.2226340797,46.0722259909,-185.500757981,45.899164675,-186.223247041
68,68,R-9C12,676,FTO73,flatNominal,73,73,7.42308861352,14.3216058482,0.0,14.9602788066,0.380046720656,14.9576684315,-0.380508199956,-1.08863455508,0.761268410526,0.350167695423,-0.113078042146,0.0165725696408,flatNominal,ApogeeBoss,-9.0,11.0,56.0,-174.5907,0,0,-1,0,1,0,0,0,0,1,348.479804993,64.7121334076,,,,,65.6838477549,-190.830903061,66.422439333,-190.913493244,65.9612105149,-191.51823995,455,62.000705719,395,374,5241,5263,4284,4307,5251.71280979,4293.85847131,7.43710831921,8.53143781212,0.125307580205,2.50991401083e-05,2.90239279692e-05,-2.84480131403e-07,2.92328643799,2.72450780869,1.45823121071,0.134494140744,0.11724255234,-0.00395083148032,384814.0625,385392.40625,18404.1796875,27582.1816406,5251,4293,5251,4293,0,5251.37575157,4293.37137721,5251.44,4293.44,5251.81076916,4293.80567558,4655.2221349,1528.43361446,4654.94603634,1528.95767409,4654.97762928,1528.871016,4655.13003339,1528.37115857,455,65.7181409532,-190.8003159,0.0459521256789,False,348.555609005,64.8003744411,66.4569659698,-190.880791066,65.9974705059,-191.486855848
69,69,R-9C13,251,FTO74,flatNominal,74,74,7.46276204668,14.3199105653,0.0,14.9673281078,0.367450055175,14.9594867509,-0.380796575707,0.234140021775,3.71479720757,0.284286797218,-0.119930576779,0.016768481806,flatNominal,ApogeeBoss,-9.0,12.0,78.4,-174.5907,0,0,-1,0,1,0,0,0,0,1,183.012764454,97.9186964035,,,,,64.0177092461,-171.101588498,63.4863654724,-171.622973971,63.3017925077,-170.897806867,444,62.000705719,377,360,5104,5126,4197,4220,5114.44626904,4207.35242112,7.56213479577,8.33280211119,0.159272060909,2.84932447142e-05,3.03781629398e-05,4.31395064657e-07,2.89213085175,2.74417853355,1.3748216629,0.132291048765,0.12005598098,-0.00505718681961,351690.34375,352225.34375,17193.9472656,25871.4453125,5114,4207,5114,4207,0,5114.13586788,4206.79950702,5114.21,4206.95,5114.57454846,4207.25730863,4641.97265203,1690.14277046,4641.62586573,1690.67362086,4641.72299327,1690.53502008,4641.82901034,1690.07299182,444,64.0303007526,-171.109639387,0.0149453286203,False,182.933591586,98.0335912238,63.4992821481,-171.631356033,63.3142571025,-170.906304145
70,70,R-9C14,162,FTO75,flatNominal,75,75,7.40884653237,14.2768236646,0.0,14.9009272116,0.398993620304,14.9238777633,-0.366841493141,5.43058656655,0.297865954815,0.222766903552,-0.163590537219,0.0292990914114,flatNominal,ApogeeBoss,-9.0,13.0,100.8,-174.5907,0,0,-1,0,1,0,0,0,0,1,95.568523407,30.2308988571,,,,,118.597261661,-163.934594773,118.799959814,-163.222123998,119.324878049,-163.780237781,484,62.000705719,380,366,4842,4864,4569,4592,4853.17967747,4579.36323308,7.47008974276,7.97365713952,0.03498679797,2.53316957862e-05,2.75254855186e-05,-4.12805809443e-07,2.82419490814,2.73270392418,1.50176048279,0.133869946003,0.125415548682,-0.00117478868924,373773.6875,374360.9375,18823.3652344,28365.9902344,4853,4579,4853,4579,0,4852.84964568,4578.81539957,4852.95,4578.96,4853.35715138,4579.30108466,5092.6266431,1749.83578872,5092.29343703,1750.38169736,5092.37376686,1750.22201784,5092.48948911,1749.7071489,484,118.608003567,-163.929558952,0.0118637278667,False,95.7425047655,29.9656264994,118.811836662,-163.217412046,119.335864972,-163.776361487
71,71,R-9C15,130,FTO76,flatNominal,76,76,7.3988455036,14.3551498649,0.0,14.965,0.376,15.0014337882,-0.3748339495,0.756080781503,-1.22424508325,0.18930893552,-0.103858177784,-1.0,flatNominal,Boss,-9.0,14.0,123.2,-174.5907,0,0,-1,0,1,0,0,0,0,1,296.660084724,99.4685947895,,,,,124.897079742,-189.850160002,125.558105587,-190.12645336,124.969304131,-190.593777536,503,62.000705719,380,361,5008,5030,4712,4735,5018.44354805,4722.24465678,7.31078972885,8.0434316604,0.117162217713,2.52838859785e-05,2.84265304319e-05,-2.90138248658e-07,2.83931541443,2.70046472549,1.41601979733,0.136816069484,0.124354071915,-0.0039857798256,371489.71875,371986.4375,18753.8613281,28214.7363281,5018,4722,5018,4722,0,5018.12454107,4721.67589485,5018.22,4721.84,5018.59636465,4722.1354539,5142.92260097,1537.2385997,5142.56574041,1537.78440747,5142.66487555,1537.62097316,5142.75512154,1537.15357723,503,124.879180203,-189.861770509,0.0213353545561,False,296.652371809,99.3906753723,125.539792372,-190.139051504,124.950293126,-190.605495156
72,72,R-9C16,245,FTO77,flatNominal,77,77,7.38158610725,14.3242311022,0.0,14.968420748,0.354780555506,14.9552486295,-0.378506702288,1.75432645439,2.69026110635,0.227759659532,-0.155310504803,0.0202718616983,flatNominal,ApogeeBoss,-9.0,15.0,145.6,-174.5907,0,0,-1,0,1,0,0,0,0,1,123.56361866,137.098195553,,,,,137.195726235,-169.329130096,136.52362,-169.627664434,136.599297613,-168.898173786,505,62.000705719,384,362,4811,4833,4725,4748,4821.55694888,4735.13173121,7.72465303502,8.23669081898,-0.05616877744,2.66365813948e-05,2.88468057681e-05,-3.45492520101e-09,2.87102413177,2.7782304287,-1.46281063557,0.129462078214,0.121413998306,0.00176569120958,370215.25,370837.9375,16961.6484375,23915.2734375,4821,4735,4821,4735,0,4821.29033451,4734.45725491,4821.36,4734.69,4821.66167856,4735.07043105,5245.3696622,1705.86543405,5244.8948411,1706.41365521,5245.07335716,1706.24217505,5245.26688971,1705.8009063,505,137.191471431,-169.336815949,0.00878496974384,False,123.606747668,137.104116402,136.519621012,-169.635925555,136.594674093,-168.906370388
73,73,R-9C17,1100,FTO78,flatNominal,78,78,7.38664893108,14.3182186392,0.0,14.965,0.376,14.9632255487,-0.3748339495,1.49573236183,-2.12344789149,0.0874760125232,-0.0610610683996,-1.0,flatNominal,Boss,-9.0,16.0,168.0,-174.5907,0,0,-1,0,1,0,0,0,0,1,301.387445927,25.1949039102,,,,,153.719741604,-190.552591941,153.669193165,-191.299014732,153.048049668,-190.877190688,525,62.000705719,391,376,4902,4925,4924,4948,4913.24993588,4934.73762114,7.75982066389,8.07503484466,0.010864790183,2.70504277713e-05,2.79750536704e-05,8.83984805727e-09,2.8417263031,2.78557825089,1.53638279438,0.128869205713,0.123838707805,-0.000346781627741,378423.1875,379034.5,19105.2070312,29077.2070312,4913,4934,4913,4934,0,4912.96554501,4934.18925964,4913.05,4934.31,4913.30975047,4934.74932762,5379.97615634,1532.28200486,5379.62138251,1532.7876866,5379.6882648,1532.65889542,5379.95888477,1532.22355385,525,153.733894672,-190.583166344,0.0336912972987,False,301.734633121,24.7981429373,153.682700428,-191.329545121,153.061922137,-190.907183805
74,74,R-9C18,1302,FTO79,flatNominal,79,79,7.36098169073,14.3147720634,0.0,14.9572103503,0.388944161252,14.9714323322,-0.367997114286,-0.303689561953,0.0393619721474,0.0614407147467,-0.118847224329,0.0174819287039,flatNominal,ApogeeBoss,-9.0,17.0,190.4,-174.5907,0,0,-1,0,1,0,0,0,0,1,172.10126996,60.5704861879,,,,,179.988771464,-158.633841921,179.242451002,-158.5501145,179.692948248,-157.94166188,531,62.000705719,391,363,4570,4591,4996,5019,4580.24995684,5006.14301825,7.71837832981,8.21292807527,-0.0397351700464,2.37046300395e-05,2.59767332775e-05,-6.62766159412e-07,2.86637401581,2.7776260376,-1.49113118649,0.129564121366,0.121762290597,0.00125369476154,397869.3125,398385.03125,18878.5488281,27106.7363281,4580,5006,4580,5006,0,4579.96486901,5005.41318835,4580.06,5005.67,4580.23688584,5006.19214561,5597.23751753,1794.55136584,5596.72215314,1795.1415576,5596.91172806,1794.94032898,5597.2871227,1794.54024489,531,179.974637141,-158.691627378,0.059488974604,False,171.888059996,61.0551034739,179.227928442,-158.611436167,179.675538433,-158.000856398
75,75,R-8C1,880,FTO80,flatNominal,80,80,7.43676874825,14.3403918868,0.0,14.9673518773,0.404455706973,14.9957186013,-0.370580433864,-0.202551678846,1.49458288998,0.196172659585,-0.110214207202,0.0216256019535,flatNominal,ApogeeBoss,-8.0,0.0,-201.6,-155.1918,0,0,-1,0,1,0,0,0,0,1,120.739252567,67.8558218479,,,,,-197.767247809,-137.482015217,-198.273350206,-136.933814877,-197.514695683,-136.772790017,139,62.000705719,368,348,5851,5871,2148,2172,5860.74918558,2159.92738635,6.8353552608,8.45633074841,0.524943325862,2.55675088945e-05,3.22770913021e-05,1.24445318943e-06,2.93453240395,2.5846092701,1.28342211246,0.146998971701,0.118821069598,-0.0182505007833,346361.59375,346862.21875,16179.9199219,23140.6074219,5860,2160,5860,2160,0,5860.36982359,2159.56855449,5860.45,2159.73,5860.91309324,2160.11809002,2481.45525724,1974.89161248,2481.31244898,1975.39388892,2481.42037325,1975.24643312,2481.5485854,1974.65810988,139,-197.767766059,-137.449021172,0.0329981152402,False,121.007928654,67.5171089652,-198.273197972,-136.900202596,-197.514347184,-136.740105214
76,76,R-8C2,898,FTO81,flatNominal,81,81,7.42194815368,14.3558409325,0.0,14.965,0.376,15.0021487517,-0.3748339495,-1.33466170595,1.39911560015,0.214566033062,-0.141479341072,-1.0,flatNominal,Boss,-8.0,1.0,-179.2,-155.1918,0,0,-1,0,1,0,0,0,0,1,239.030463696,100.417313576,,,,,-190.639329064,-164.887760852,-190.500322412,-165.589991526,-191.216666146,-165.361993053,160,62.000705719,347,327,6024,6045,2307,2329,6033.31879764,2316.92349025,6.8558256783,8.02313086911,0.440787532002,2.83926749063e-05,3.22277816258e-05,1.65195371968e-06,2.85847449303,2.58999609947,1.24737882614,0.146378397942,0.125081449747,-0.016083939001,322030.75,322496.15625,15553.7128906,22036.7128906,6033,2317,6033,2317,0,6032.79500949,2316.40193143,6032.95,2316.62,6033.33973603,2317.01304027,2540.88965897,1749.29108158,2540.66932401,1749.99665238,2540.79696314,1749.75895231,2540.95938558,1749.23111642,160,-190.634034488,-164.865886715,0.0225057863927,False,238.854199231,100.564018115,-190.495390147,-165.568189012,-191.211616157,-165.339820994
77,77,R-8C3,103,FTO82,flatNominal,82,82,7.33697357606,14.3347601119,0.0,14.9713374818,0.3863448832,14.9906639983,-0.367995981794,-0.0735693282226,0.511566851623,0.19145805496,-0.119301290375,0.0193157058231,flatNominal,ApogeeBoss,-8.0,2.0,-156.8,-155.1918,0,0,-1,0,1,0,0,0,0,1,44.0288552642,129.208692312,,,,,-150.247635277,-146.417491883,-150.561504441,-145.742229516,-149.809625492,-145.80611771,195,62.000705719,388,373,5737,5759,2527,2554,5747.96876934,2541.19609919,6.93289399468,10.7064067896,0.371498008889,2.81718260898e-05,4.22094306039e-05,1.9102668097e-06,3.27759552002,2.62615084648,1.47359097004,0.144508600235,0.0935760065913,-0.0100285103545,335833.375,336433.625,14939.7861328,20477.5976562,5748,2541,5748,2541,0,5747.44983481,2540.6892957,5747.71,2540.97,5748.13106064,2540.90072904,2871.67400306,1898.63819229,2871.46450824,1899.33263792,2871.58806335,1898.9693601,2871.33706415,1898.63083261,195,-150.229917288,-146.398451197,0.0260091302568,False,44.2404857812,129.004124111,-150.543869683,-145.723227523,-149.791982865,-145.78702304
78,78,R-8C4,1340,FTO83,flatNominal,83,83,7.4542965597,14.311741895,0.0,14.965,0.376,14.9565248506,-0.3748339495,-0.00859499847683,1.63990544242,0.171060465787,-0.0161879767209,-1.0,flatNominal,Boss,-8.0,3.0,-134.4,-155.1918,0,0,-1,0,1,0,0,0,0,1,292.030184269,49.9013721943,,,,,-145.3763339,-171.884725486,-145.200548677,-172.617679582,-145.918298481,-172.397092486,213,62.000705719,375,358,5906,5926,2660,2688,5915.04766266,2674.73699657,6.55224178943,13.7830148609,0.334043283929,3.61471879898e-05,6.78813619461e-05,2.56572731556e-06,3.71462154388,2.55672502518,1.52472960949,0.152808323503,0.0726428255439,-0.00740688387305,272271.625,272819.71875,11039.2939453,15581.2939453,5915,2674,5915,2674,0,5914.45661,2674.1365079,5914.71,2674.52,5915.12839096,2674.33289602,2912.84839674,1688.74965718,2912.5891687,1689.55136206,2912.811899,1689.14952641,2912.45274994,1688.86488709,213,-145.293760016,-171.904479904,0.0849039652201,False,291.989487444,50.2946937343,-145.113467213,-172.636338262,-145.832561009,-172.42017268
79,79,R-8C5,146,FTO84,flatNominal,84,84,7.42309165152,14.3480348802,0.0,14.9855320197,0.378197888747,14.9889930269,-0.372417588488,0.03589325009,0.35932421492,0.23074324653,-0.164746962228,0.0124669143024,flatNominal,ApogeeBoss,-8.0,4.0,-112.0,-155.1918,0,0,-1,0,1,0,0,0,0,1,18.6244024336,85.6411153078,,,,,-95.9087970336,-158.824003367,-95.3877758928,-158.296771713,-95.1944505345,-159.022072257,261,62.000705719,378,359,5625,5644,2974,3000,5633.65456607,2986.57734568,6.01123683437,16.8527701749,0.484580767033,3.40907668059e-05,7.62168421013e-05,3.10122672125e-06,4.10784435272,2.44737029076,1.52621817589,0.166741609573,0.0594752840698,-0.00958890188485,268870.28125,269524.78125,10202.7099609,15487.1474609,5633,2986,5633,2986,0,5633.30165805,2986.23841511,5633.38,2986.28,5633.77209247,2986.66681357,3319.45206272,1794.10589547,3319.3146719,1794.57551422,3319.30925529,1794.48461409,3319.47706432,1793.96032116,261,-95.9172276852,-158.802456446,0.0231375385526,False,18.6036351128,85.7543923533,-95.3970584911,-158.27438424,-95.2025623155,-158.999371695
80,80,R-8C6,838,FTO85,flatNominal,85,85,7.37624259521,14.2925505255,0.0,14.965,0.376,14.9366698789,-0.3748339495,0.425084678856,-0.14532247971,0.272688867375,-0.334918304622,-1.0,flatNominal,Boss,-8.0,5.0,-89.6,-155.1918,0,0,-1,0,1,0,0,0,0,1,356.008615494,39.8705756664,,,,,-81.9607497634,-174.366012664,-81.2604100527,-174.687086776,-81.8833363282,-175.107226122,290,62.000705719,391,371,5685,5706,3135,3163,5694.581327,3147.65060509,6.85043736511,14.272084624,0.330578857683,3.5366872818e-05,6.33377346781e-05,9.952682589e-07,3.77978587151,2.61452507973,1.52637112141,0.14613942802,0.0701452568173,-0.00676994398236,289682.53125,290379.9375,11850.1015625,16896.2871094,5694,3147,5694,3148,0,5694.15798792,3147.66693509,5694.26,3147.41,5694.64597862,3148.10824468,3434.11375401,1665.61713468,3434.32394192,1665.98497118,3434.04351399,1666.01308937,3434.48966679,1665.34824177,290,-82.0354004929,-174.363851464,0.0746820072091,False,355.455294756,40.4061389358,-81.3351603251,-174.685142614,-81.958216783,-175.10508888
81,81,R-8C7,1163,FTO86,flatNominal,86,86,7.38072325336,14.3283577814,0.0,14.965,0.376,14.9737152838,-0.3748339495,0.469114751902,0.487215828454,0.179825404992,-0.13793842883,-1.0,flatNominal,Boss,-8.0,6.0,-67.2,-155.1918,0,0,-1,0,1,0,0,0,0,1,180.834403038,127.581717968,,,,,-78.582215029,-157.082133477,-78.8358451355,-157.776655675,-79.3188805862,-157.201760616,283,62.000705719,388,363,5546,5566,3095,3122,5555.5947558,3107.06118635,6.69526066946,15.0557013305,0.401628412771,3.57031027522e-05,6.90852950297e-05,1.12122424941e-06,3.88264751434,2.58379769325,1.52290415764,0.149598777294,0.0665264800191,-0.00798144377768,279253.75,279832.53125,11508.4667969,17296.0917969,5555,3107,5555,3107,0,5555.2282982,3106.83067742,5555.31,3106.77,5555.70351799,3107.43686763,3462.37490467,1807.62444171,3462.33991804,1808.0559524,3462.24977511,1808.00633845,3462.65775077,1807.35432375,283,-78.6064272197,-157.084445381,0.0243223165149,False,181.033155464,127.391682642,-78.8599516572,-157.779006159,-79.3430745681,-157.204184596
82,82,R-8C8,1129,FTO87,flatNominal,87,87,7.36957013079,14.3103121807,0.0,14.965,0.376,14.9550456994,-0.3748339495,-0.412113737739,0.242876347885,0.112119431419,-0.101806611006,-1.0,flatNominal,Boss,-8.0,7.0,-44.8,-155.1918,0,0,-1,0,1,0,0,0,0,1,359.238166809,77.6469790936,,,,,-31.1253859243,-165.960159367,-30.4018186776,-165.74465396,-30.5840328921,-166.473110334,337,62.000705719,379,359,5429,5451,3478,3501,5439.99066401,3489.33621018,7.74558947746,7.99070730165,0.345090068367,2.93817314784e-05,3.0795994927e-05,1.09499759987e-06,2.86955666542,2.73896718025,0.956026077271,0.12935462594,0.125386625528,-0.0111727267504,348814.46875,349339.15625,16677.8496094,23636.4746094,5440,3489,5440,3489,0,5439.4353144,3489.03086259,5439.69,3489.14,5440.03164643,3489.54613109,3854.79134466,1733.40963521,3854.77732055,1734.04323892,3854.75187448,1733.76439524,3854.95854101,1733.27624957,337,-31.1324661811,-165.94764813,0.0143757111354,False,359.160570035,77.7751713925,-30.4090895203,-165.731503856,-30.5906603944,-166.460120851
83,83,R-8C9,948,FTO88,flatNominal,88,88,7.37621767766,14.3446641501,0.0,14.965,0.376,14.9905854967,-0.3748339495,-0.620285338665,-0.0720181461054,-0.0030259672756,-0.0199510611446,-1.0,flatNominal,Boss,-8.0,8.0,-22.4,-155.1918,0,0,-1,0,1,0,0,0,0,1,269.895350933,163.696836233,,,,,-16.0850571024,-159.313386532,-15.3815849087,-159.136413542,-15.5779074005,-159.861578155,352,62.000705719,396,381,5323,5345,3563,3588,5334.1130949,3574.96015879,7.4532057002,8.66733644072,0.312612800307,2.59604340575e-05,3.04019160959e-05,4.48573956087e-07,2.9568734169,2.71614480019,1.33302545547,0.134373739362,0.115550503135,-0.00969316251576,377271.34375,377913.75,17425.046875,24415.484375,5334,3575,5334,3575,0,5333.74507132,3574.36745658,5333.9,3574.63,5334.18759528,3575.00270259,3979.66303381,1787.71047742,3979.30760492,1788.31081697,3979.46902712,1788.05700551,3979.66631732,1787.62474819,352,-16.0662219142,-159.317617314,0.0193045028361,False,270.421650318,163.435805831,-15.3635766097,-159.137389285,-15.5565396299,-159.86345506
84,84,R-8C11,1316,FTO90,flatNominal,90,90,7.42321302578,14.3094212647,0.0,14.965,0.376,14.9541239772,-0.3748339495,-0.171119476058,-0.538027487005,0.00916484941234,-0.146887916502,-1.0,flatNominal,Boss,-8.0,10.0,22.4,-155.1918,0,0,-1,0,1,0,0,0,0,1,182.357897758,88.4068375826,,,,,7.6604484132,-147.797040793,7.00523478164,-148.173676658,7.0153823402,-147.42283251,376,62.000705719,393,372,5149,5171,3695,3719,5159.26048209,3705.63704895,7.62911975727,8.5720540073,0.226807420148,2.6063837561e-05,2.9115913733e-05,1.8061238553e-07,2.93662595749,2.75270795822,1.34660279751,0.131179913878,0.116749987006,-0.00694176135585,379471.71875,380100.59375,18304.0195312,27492.3300781,5159,3705,5159,3705,0,5158.8907824,3705.15263131,5159.0,3705.27,5159.40546334,3705.58609003,4176.37117934,1882.34552014,4176.11254405,1882.89728649,4176.16435711,1882.74380027,4176.25896858,1882.24051957,376,7.67735842736,-147.785734476,0.0203416166834,False,182.227239681,88.4947335768,7.02186388022,-148.161881226,7.03257182029,-147.41104486
85,85,R-8C12,1338,FTO91,flatNominal,91,91,7.41215350173,14.3514064747,0.0,14.965,0.376,14.9975609584,-0.3748339495,-0.0342573668662,-0.157271537231,0.112653150849,-0.184323950817,-1.0,flatNominal,Boss,-8.0,11.0,44.8,-155.1918,0,0,-1,0,1,0,0,0,0,1,47.8811323643,162.480100393,,,,,42.8982208321,-147.871480874,42.2647842166,-147.529967963,42.8975467672,-147.124476422,405,62.000705719,387,373,5015,5036,3954,3977,5025.29159035,3964.54230902,7.58788267471,8.55417246159,0.270025143136,2.53662513976e-05,2.77494297756e-05,1.30958959094e-07,2.93675160408,2.74181413651,1.31597459316,0.131937280297,0.117033481598,-0.00832959171385,378640.59375,379148.71875,18441.0332031,28045.21875,5025,3964,5025,3964,0,5025.00751336,3964.02237118,5025.09,3964.15,5025.4149175,3964.44834134,4467.88240219,1881.4485262,4467.55268725,1881.9407895,4467.62658284,1881.80666308,4467.74206503,1881.38260963,405,42.8923989233,-147.869630106,0.00610900684975,False,47.996281045,162.437978149,42.2585275465,-147.52892482,42.8907727634,-147.12262712
86,86,R-8C13,373,FTO92,flatNominal,92,92,7.37280629455,14.3234369688,0.0,14.965,0.376,14.9686243185,-0.3748339495,0.650622750047,-2.52373521762,0.165610644864,-0.114419856498,-1.0,flatNominal,Boss,-8.0,12.0,67.2,-155.1918,0,0,-1,0,1,0,0,0,0,1,91.549243927,167.616734505,,,,,60.4803373631,-151.923708868,59.7717801873,-152.149376437,59.9334038321,-151.416135308,428,62.000705719,397,372,4977,4999,4098,4121,4987.7386193,4108.72722901,7.52255264473,8.4350585,0.0560694086855,2.53050865744e-05,2.92934719132e-05,-2.02330535656e-07,2.90490794182,2.74210143089,1.50965738297,0.13294018805,0.118558697402,-0.00176735641435,384137.15625,384661.96875,17953.6816406,26966.3066406,4987,4108,4987,4108,0,4987.54123247,4108.25328124,4987.55,4108.35,4987.84972189,4108.61619169,4613.09548469,1848.09170597,4612.76647389,1848.48583785,4612.84800161,1848.43807129,4612.94566281,1848.04452045,428,60.4633100134,-151.918518629,0.0178008209353,False,92.0806712613,167.3440463,59.7557791397,-152.147383623,59.9140899411,-151.413420105
87,87,R-8C14,159,FTO93,flatNominal,93,93,7.4051316506,14.3380065294,0.0,14.965,0.376,14.9836976677,-0.3748339495,0.756326624832,0.0467880053039,0.311477578709,-0.0730810463341,-1.0,flatNominal,Boss,-8.0,13.0,89.6,-155.1918,0,0,-1,0,1,0,0,0,0,1,67.2166514397,140.368098021,,,,,89.5746970052,-145.66667538,88.9458148243,-145.293842958,89.5974708832,-144.920418798,456,62.000705719,362,337,4820,4842,4288,4310,4830.47147261,4298.26851947,7.10361075237,8.36101984631,0.30589636985,3.21966837808e-05,3.64286164396e-05,7.41716314693e-07,2.90370249748,2.65200734138,1.3443813324,0.14099560678,0.119791358709,-0.0103169344366,313031.75,313458.34375,15086.5332031,22331.0332031,4830,4298,4830,4298,0,4830.23256361,4297.66536265,4830.29,4297.84,4830.67688755,4298.16998501,4853.8705461,1899.92052057,4853.44615778,1900.41120398,4853.57421163,1900.27411883,4853.68821066,1899.78392582,456,89.5674945985,-145.64323157,0.0245252298252,False,67.5080114569,140.173244023,88.9379853306,-145.271458932,89.5890114893,-144.896937687
88,88,R-8C15,1114,FTO94,flatNominal,94,94,7.3728233229,14.3508821466,0.0,14.9825361656,0.399491651511,15.0022810617,-0.365712934066,-0.376620487547,0.0258127260578,0.327461219411,-0.0626999105726,0.0193036445327,flatNominal,ApogeeBoss,-8.0,14.0,112.0,-155.1918,0,0,-1,0,1,0,0,0,0,1,350.97625494,134.107435942,,,,,122.526881794,-154.616642401,122.818375044,-153.928447614,123.270578027,-154.546056213,482,62.000705719,382,363,4759,4781,4563,4585,4770.28313135,4573.34673005,7.96097647936,8.03936600933,-0.21821096999,2.78702101099e-05,2.76337462356e-05,-1.30211137171e-06,2.86738109589,2.78899049759,-0.87425994873,0.125706255436,0.12448053062,0.00682404171675,366803.59375,367362.84375,17735.6777344,26756.0527344,4770,4573,4770,4573,0,4770.02285347,4572.78682194,4770.1,4572.94,4770.46633456,4573.28874354,5125.61434026,1826.12371373,5125.23818042,1826.61335181,5125.33410484,1826.47457789,5125.47822812,1825.98806958,482,122.555568436,-154.662364712,0.0539764134527,False,350.950641385,133.908610076,122.849755245,-153.975317042,123.299535463,-154.594692271
89,89,R-8C16,641,FTO95,flatNominal,95,95,7.41196020839,14.3612817207,0.0,14.965,0.376,15.0077776722,-0.3748339495,-1.3731540924,0.261931615613,0.238663733927,-0.101990098544,-1.0,flatNominal,Boss,-8.0,15.0,134.4,-155.1918,0,0,-1,0,1,0,0,0,0,1,153.15063715,64.7157812119,,,,,129.209352579,-137.393402141,128.546838184,-137.134700697,129.122807965,-136.651130267,481,62.000705719,390,377,4607,4629,4547,4569,4618.06658176,4557.11140503,7.92953991123,8.41538337019,-0.0152741534767,3.16281240848e-05,3.22739351445e-05,-1.23603426898e-06,2.90101075172,2.81585860252,-1.53939926624,0.126111164689,0.118830412626,0.000457790505607,348790.5,349513.8125,16182.8535156,23327.1660156,4618,4557,4618,4557,0,4617.8257431,4556.3975096,4617.91,4556.66,4618.19449105,4557.14742212,5181.58705665,1968.60360272,5181.0653656,1969.14719115,5181.25549243,1968.94901735,5181.55986208,1968.47353169,481,129.247224166,-137.363869789,0.0480251699912,False,153.15985948,64.5129851585,128.585587573,-137.102931521,129.163187806,-136.621309761
90,90,R-8C17,896,FTO96,flatNominal,96,96,7.43102498578,14.3118393962,0.0,14.9433145989,0.384911612312,14.9675215883,-0.337700363904,0.832826682857,-0.161391608788,0.156401818003,-0.0895072511606,0.048176826191,flatNominal,ApogeeBoss,-8.0,16.0,156.8,-155.1918,0,0,-1,0,1,0,0,0,0,1,221.917927265,114.747433662,,,,,146.151690739,-163.098260479,146.263565763,-163.829288426,145.587422462,-163.573194142,508,62.000705719,397,375,4731,4753,4766,4790,4741.85770262,4777.12989304,7.78143420826,8.27088123578,0.0953594928282,2.72513676812e-05,2.99261590757e-05,4.29650555061e-07,2.87902832031,2.78630781174,1.38501489162,0.128529176116,0.120923183858,-0.00296376575716,376509.5625,377029.125,17452.2910156,24744.2285156,4742,4777,4742,4777,0,4741.47526035,4776.43021261,4741.68,4776.67,4741.91270914,4777.09096472,5319.45511481,1757.12127435,5319.01149124,1757.78385487,5319.13547028,1757.49363269,5319.39516678,1757.09049503,508,146.157372641,-163.122761536,0.0251512589947,False,222.091120473,114.670316045,146.270473321,-163.85360086,145.593901542,-163.598640717
91,91,R-8C18,285,FTO97,flatNominal,97,97,7.37129823937,14.396650761,0.0,14.965,0.376,15.0443697088,-0.3748339495,-1.3698841989,1.60949158278,0.150353801032,-0.0939584907124,-1.0,flatNominal,Boss,-8.0,17.0,179.2,-155.1918,0,0,-1,0,1,0,0,0,0,1,261.980195045,54.7979968786,,,,,162.018286514,-164.671631652,161.905871053,-165.34376231,161.302474838,-164.889929545,522,62.000705719,394,376,4682,4705,4889,4911,4692.82923363,4898.6371011,7.73942172709,8.16821917547,0.189929872867,2.57773191874e-05,2.68339241881e-05,4.57684105206e-07,2.8705830574,2.76900601387,1.20831894875,0.129282385111,0.122495606542,-0.00601222552359,390249.15625,390842.8125,18543.2871094,26966.6679688,4693,4898,4692,4898,0,4692.32968251,4898.03656072,4692.61,4898.18,4692.81428492,4898.68835349,5449.86434946,1744.42387717,5449.56277484,1745.14446916,5449.56033308,1744.82701669,5449.91670701,1744.41343884,522,162.048873754,-164.724301589,0.0609073201591,False,262.146010967,54.8170694402,161.938627782,-165.396791502,161.333770233,-164.944908204
92,92,R-8C19,1131,FTO98,flatNominal,98,98,7.39140337291,14.329847988,0.0,14.9673456148,0.400767279965,14.989029373,-0.361484842362,-0.115945444059,0.400693998192,0.0873275173081,-0.173492946365,0.0344621042481,flatNominal,ApogeeBoss,-8.0,18.0,201.6,-155.1918,0,0,-1,0,1,0,0,0,0,1,25.3029701114,114.553402662,,,,,213.756082281,-150.967827566,213.857014677,-150.221616947,214.456035805,-150.693498469,552,62.000705719,389,369,4384,4406,5212,5234,4394.73917824,5221.60227796,7.70523202442,8.0602220265,0.180784629811,2.42876992204e-05,2.54848530929e-05,-1.42224006617e-07,2.85238146782,2.76213216782,1.17350649834,0.129850283265,0.124131381512,-0.00582488533109,396260.375,396816.03125,18808.0859375,27872.2734375,4394,5221,4394,5221,0,4394.56724268,5220.97893745,4394.56,5221.11,4394.7011299,5221.69414478,5874.05161582,1859.44278713,5873.57836859,1859.88341427,5873.70036444,1859.82681213,5874.15066609,1859.43405598,552,213.769202132,-150.945981735,0.0254827553152,False,25.5181222538,114.400594488,213.86932251,-150.199661732,214.468856742,-150.670891175
93,93,R-7C1,1142,FTO99,flatNominal,99,99,7.38596786876,14.3125318676,0.0,14.9561291278,0.390151481528,14.9516490615,-0.383286241329,0.450307041196,-0.810989160247,0.176644466512,-0.147136200796,0.0216408070043,flatNominal,ApogeeBoss,-7.0,0.0,-212.8,-135.7928,0,0,-1,0,1,0,0,0,0,1,91.5747249126,67.9240036011,,,,,-200.468836824,-122.334234233,-200.604214128,-121.593890666,-199.88307752,-121.873511792,128,62.000705719,380,362,5751,5772,2071,2095,5760.8710477,2082.19316716,7.04897711123,8.57537069047,0.594738047242,2.26161603194e-05,2.80163232486e-05,1.3554284229e-06,2.9630625248,2.61622023582,1.23980951309,0.142699569464,0.117299422622,-0.0197936315089,381514.28125,382102.59375,17821.3496094,25076.5351562,5761,2082,5761,2082,0,5760.32011612,2081.88987342,5760.6,2082.01,5761.01128295,2082.36537556,2458.69950072,2099.39232253,2458.68525536,2100.02105918,2458.66059885,2099.71706504,2458.78737228,2099.18836115,128,-200.493217817,-122.330352543,0.0246880610666,False,91.5323678335,68.0715911656,-200.629954621,-121.590258861,-199.908305672,-121.868555063
94,94,R-7C2,935,FTO100,flatNominal,100,100,7.41902095239,14.3183153875,0.0,14.965,0.376,14.9633256424,-0.3748339495,-0.428015899827,0.404799480623,0.184668893771,-0.161647205246,-1.0,flatNominal,Boss,-7.0,1.0,-190.4,-135.7928,0,0,-1,0,1,0,0,0,0,1,352.574851513,104.873267412,,,,,-177.377086211,-141.476603296,-176.784413191,-141.020187172,-176.689045794,-141.764941818,161,62.000705719,344,334,5805,5824,2313,2337,5813.78480677,2323.91398384,7.05506366191,8.15809841365,0.559513415778,3.10318134025e-05,3.7397654831e-05,2.32399199988e-06,2.89693260193,2.61169362068,1.17449879646,0.142517343163,0.123247951269,-0.0195487625897,299188.53125,299765.25,13563.0009766,19407.0664062,5813,2324,5813,2323,0,5813.40540843,2323.43947295,5813.47,2323.64,5813.83955391,2324.01736286,2648.5778522,1940.7259091,2648.33248514,1941.28169565,2648.47739144,1941.13086096,2648.64421172,1940.62957175,161,-177.384736696,-141.451071522,0.0266533564014,False,352.540705123,105.008013343,-176.792865961,-140.99361549,-176.696191076,-141.738201543
95,95,R-7C3,153,FTO101,flatNominal,101,101,7.3949334987,14.3346591816,0.0,14.9759477924,0.383946207729,14.9884583581,-0.364037121099,0.729432652305,0.268014476145,0.197531981514,-0.127487742157,0.0207350541508,flatNominal,ApogeeBoss,-7.0,2.0,-168.0,-135.7928,0,0,-1,0,1,0,0,0,0,1,205.750944614,55.8886581659,,,,,-185.641283189,-127.534173834,-186.32648825,-127.832770212,-186.243038367,-127.089351292,145,62.000705719,386,362,5734,5755,2199,2223,5743.30144347,2210.47035072,7.24084333851,8.85935352485,0.596430304025,2.68831526069e-05,3.24979599054e-05,1.73975401656e-06,3.00921845436,2.65420436859,1.25322806835,0.138875573874,0.113504476845,-0.018698791042,358400.96875,358881.90625,17273.8417969,25438.7773438,5743,2210,5743,2210,0,5742.89050443,2210.16189402,5743.01,2210.24,5743.38901458,2210.68133191,2580.56856221,2055.66980355,2580.48502083,2056.17679198,2580.4965298,2056.03574501,2580.715161,2055.49461635,145,-185.630824309,-127.537796112,0.0110683809537,False,205.649941243,56.0276436251,-186.315831277,-127.836846656,-186.232874234,-127.093372578
96,96,R-7C5,208,FTO103,flatNominal,103,103,7.35597013287,14.3354543815,0.0,14.9681627324,0.377811910382,14.9756015234,-0.379698384401,0.573625408064,0.23117811678,0.275589118249,-0.182132624308,0.0226347229541,flatNominal,ApogeeBoss,-7.0,4.0,-123.2,-135.7928,0,0,-1,0,1,0,0,0,0,1,261.307196617,117.381480932,,,,,-125.880634264,-148.543224763,-125.313344207,-149.013590247,-126.024951284,-149.27338353,223,62.000705719,373,354,5663,5682,2714,2741,5672.00596177,2728.40138488,6.29333648457,14.571169653,0.413649399336,3.44495495357e-05,6.92811924053e-05,2.67807485969e-06,3.81992006302,2.50453948975,1.52099096775,0.159195274115,0.068756967783,-0.00903853680938,271497.15625,272126.90625,10611.8007812,14669.6132812,5672,2728,5672,2728,0,5671.53080204,2727.56305012,5671.75,2728.11,5672.1565981,2727.90482988,3072.79105125,1879.45225865,3072.26734214,1880.2611534,3072.64692919,1879.81275224,3072.28110455,1879.54824056,223,-125.809488012,-148.584587633,0.0822962704561,False,261.859511149,117.172204461,-125.239391994,-149.051548259,-125.949430906,-149.315597354
97,97,R-7C6,1105,FTO104,flatNominal,104,104,7.36072652201,14.3417485024,0.0,14.965,0.376,14.9875690312,-0.3748339495,-0.33421707746,-0.0524965067904,0.105568585696,-0.341289584597,-1.0,flatNominal,Boss,-7.0,5.0,-100.8,-135.7928,0,0,-1,0,1,0,0,0,0,1,337.631900311,118.128089905,,,,,-89.7033857343,-141.345786149,-89.1180830897,-140.913074647,-89.0253021664,-141.658495791,257,62.000705719,387,368,5475,5493,2952,2979,5482.87667486,2965.66933412,6.11950588578,17.2547749123,0.174227273055,3.46327299722e-05,7.79500844204e-05,4.65123118449e-07,4.15421485901,2.47321248055,1.55515503883,0.163458883762,0.057971637696,-0.00330099859275,271296.1875,271899.75,9433.70410156,13590.2128906,5483,2965,5482,2965,0,5482.32610298,2965.22728917,5482.63,2965.36,5483.01002476,2965.71804947,3370.61630135,1937.47024986,3370.47885542,1938.16281159,3370.46125519,1937.83435748,3370.59785149,1937.32948415,257,-89.7067789519,-141.369222647,0.0236808648031,False,337.582931193,118.073272344,-89.1206934461,-140.937572083,-89.0292629445,-141.683160069
98,98,R-7C7,1025,FTO105,flatNominal,105,105,7.43747852165,14.3412362043,0.0,14.9815955068,0.378959865614,14.9953338627,-0.370275717564,-0.145848954819,-0.110934006111,0.0326157957424,-0.0414124268878,0.0216329009894,flatNominal,ApogeeBoss,-7.0,6.0,-78.4,-135.7928,0,0,-1,0,1,0,0,0,0,1,231.912267208,126.05202198,,,,,-84.8571716264,-145.552349836,-84.5041300052,-146.207355355,-85.2533154797,-146.191112625,266,62.000705719,382,365,5486,5505,3004,3031,5495.17710421,3017.29656399,6.20573071398,16.4039378847,0.335011303994,3.61741283763e-05,7.77982902915e-05,1.33424717756e-06,4.05153465271,2.4889228344,1.53799343109,0.161319226027,0.0610282570124,-0.00658912118524,265595.1875,266394.09375,10493.4980469,15439.7490234,5495,3017,5495,3017,0,5494.76890834,3016.94863084,5494.93,3016.99,5495.31506364,3017.4553454,3410.70907783,1902.69611147,3410.58926351,1903.21891724,3410.55072607,1903.0565897,3410.78609544,1902.50037534,266,-84.8570131513,-145.569273088,0.0169239937878,False,232.072998452,125.943459517,-84.5033752828,-146.223956884,-85.2525752361,-146.208396308
99,99,R-7C8,187,FTO106,flatNominal,106,106,7.39097092782,14.3095649157,0.0,14.949613503,0.382865788717,14.9510857286,-0.373167307349,-0.505384067876,-0.212239619657,0.158323952844,-0.14105302178,0.00863218006987,flatNominal,ApogeeBoss,-7.0,7.0,-56.0,-135.7928,0,0,-1,0,1,0,0,0,0,1,14.7647935152,71.3222980499,,,,,-40.0577062761,-144.26959491,-39.3888380206,-143.939649971,-39.4484052146,-144.693334228,319,62.000705719,375,356,5305,5326,3330,3356,5315.27774347,3341.18022789,7.12792857864,10.1263926957,0.20658293432,2.79444988811e-05,4.32075799347e-05,-4.09522196121e-07,3.18442440033,2.66716384888,1.50233125687,0.140376210213,0.0988102704287,-0.00572747457772,325204.0625,325800.78125,15436.4267578,22834.3652344,5315,3341,5315,3341,0,5314.94776801,3340.89748297,5315.05,3340.9,5315.35849068,3341.55643853,3781.07178328,1912.48764588,3780.97361212,1912.91095536,3780.92988528,1912.81868113,3781.36804998,1912.2421248,319,-40.0716387568,-144.234849194,0.0374349948071,False,14.6285236353,71.6154407127,-39.4036763788,-143.903074168,-39.4611798049,-144.656918691
100,100,R-7C9,1194,FTO107,flatNominal,107,107,7.34030662781,14.3233391156,0.0,14.9815988233,0.352206177095,14.9500046732,-0.406193300126,-0.476292977912,0.384164660317,0.223911400673,-0.0909932907051,0.0109846507102,flatNominal,ApogeeBoss,-7.0,8.0,-33.6,-135.7928,0,0,-1,0,1,0,0,0,0,1,223.822124004,49.6227604151,,,,,-53.0282049692,-131.516340041,-53.6647398337,-131.906440541,-53.6775534216,-131.147491419,300,62.000705719,392,372,5262,5283,3185,3213,5271.60881498,3197.23878397,7.12220795571,12.6004346051,0.191094014973,3.1744381291e-05,5.63997062269e-05,-8.39281855085e-07,3.55064678192,2.66749882698,1.53597033024,0.14046305418,0.0793946459889,-0.00426043197513,307571.15625,308312.71875,13532.7861328,20349.4746094,5271,3197,5271,3197,0,5271.26148196,3197.17963074,5271.35,3197.02,5271.72015243,3197.78816292,3673.62310292,2017.75347929,3673.73122065,2018.08881477,3673.55094294,2018.08617082,3674.05878074,2017.40077814,300,-53.0538497329,-131.511759405,0.0260506455177,False,224.080988493,49.254114795,-53.6911308775,-131.900639562,-53.7024902643,-131.141667282
101,101,R-7C10,1381,FTO108,flatNominal,108,108,7.40757259437,14.3329506289,0.0,14.9760584965,0.363958099564,14.9870004553,-0.343314750309,0.0369153402003,1.42434241149,0.237899379005,-0.304315740072,0.0100986727367,flatNominal,ApogeeBoss,-7.0,9.0,-11.2,-135.7928,0,0,-1,0,1,0,0,0,0,1,60.1302015781,36.1565208435,,,,,9.12370610205,-137.783447566,9.71187543821,-137.336110937,9.81806920032,-138.035451695,369,62.000705719,389,367,5070,5091,3668,3691,5080.4490177,3678.2347317,7.70286896966,8.80392286415,0.0968648343055,3.00131961272e-05,3.42702713906e-05,-9.42281551927e-07,2.9685652256,2.77388048172,1.48371303082,0.129839718342,0.113601446152,-0.00285711348988,346802.96875,347452.84375,16530.7929688,24798.4179688,5080,3678,5080,3678,0,5080.13454813,3677.75351024,5080.21,3677.89,5080.6039956,3678.16369292,4188.5070045,1964.89765916,4188.22567073,1965.39897395,4188.31477231,1965.26747442,4188.37236701,1964.79307712,369,9.12417397018,-137.777877988,0.00558919542828,False,60.1456132703,36.1566051294,9.71222230002,-137.330382301,9.81860519903,-138.029694313
102,102,R-7C11,1303,FTO109,flatNominal,109,109,7.38940566373,14.3386556416,0.0,14.9694365846,0.389365722931,14.984369225,-0.3748339495,-0.017292293151,4.07877829533,0.162822255351,-0.187765843628,0.0106180229304,flatNominal,ApogeeBoss,-7.0,10.0,11.2,-135.7928,0,0,-1,0,1,0,0,0,0,1,79.3497526646,53.274089098,,,,,28.1103199569,-126.890709958,28.2597372721,-126.164648852,28.826010607,-126.678028471,388,62.000705719,401,378,4917,4939,3765,3789,4927.93156301,3776.07878074,7.64472302149,8.80459776934,0.15435257348,2.6486260916e-05,3.00550544593e-05,4.95256066372e-07,2.97065424919,2.76125574112,1.44073450565,0.130855500698,0.113617241383,-0.00458803121001,380537.75,381043.40625,17309.15625,24548.15625,4928,3776,4928,3776,0,4927.57216746,3775.49415009,4927.76,3775.72,4928.02277945,3776.00461353,4345.77597628,2054.90600562,4345.42371597,2055.49496303,4345.53376745,2055.22602488,4345.66804135,2054.8594088,388,28.0845918661,-126.858212274,0.0414491754614,False,79.4054245859,53.3668128415,28.2321281891,-126.131766613,28.7997292727,-126.643677868
103,103,R-7C12,1359,FTO110,flatNominal,110,110,7.39465059011,14.3391093929,0.0,14.9790098264,0.370843456756,14.9770189688,-0.372340247636,-0.391455141683,-0.0566980748993,0.188718776999,-0.0620235979677,0.0174400507099,flatNominal,ApogeeBoss,-7.0,11.0,33.6,-135.7928,0,0,-1,0,1,0,0,0,0,1,150.853732824,62.2981667519,,,,,29.436159069,-117.481932653,28.7783681783,-117.143837136,29.4048146757,-116.7439737,383,62.000705719,389,368,4843,4865,3740,3762,4854.21507012,3750.27847994,7.55824722689,8.79064751728,0.23194183673,2.94691621026e-05,3.2256752816e-05,1.05712449135e-06,2.97201180458,2.74153971672,1.39079463482,0.13241301477,0.113849446177,-0.00698745297268,353171.1875,353663.78125,16632.8808594,24822.1933594,4854,3750,4854,3750,0,4853.97803275,3749.77175576,4854.05,3749.92,4854.30516473,3750.21650996,4356.97696953,2132.19969615,4356.63722529,2132.64413958,4356.73176644,2132.51501142,4356.88036882,2132.14845535,383,29.4135731286,-117.50034662,0.0291410172319,False,150.825200795,62.4492440773,28.7550606179,-117.163658771,29.3806504477,-116.762456395
104,104,R-7C13,120,FTO111,flatNominal,111,111,7.38223150393,14.3290011729,0.0,14.9650929164,0.3825955496,14.9696606075,-0.374864034452,-0.330736773351,-0.609368609939,0.188155074575,-0.238264725284,0.0219674000858,flatNominal,ApogeeBoss,-7.0,12.0,56.0,-135.7928,0,0,-1,0,1,0,0,0,0,1,322.947320938,127.183367014,,,,,65.6072152507,-142.049224348,66.2486482694,-141.675652744,66.2425152297,-142.433101271,429,62.000705719,378,357,4885,4907,4098,4122,4895.84905061,4109.29479519,7.43406888408,8.40189779014,0.197590807844,2.68816196426e-05,3.09886056096e-05,7.85248347662e-07,2.90528535843,2.71942710876,1.37696826458,0.134599968791,0.119095169008,-0.00633088313043,356533.1875,357153.71875,16716.46875,23971.21875,4896,4109,4896,4109,0,4895.41408201,4108.74759359,4895.66,4108.9,4895.97989709,4109.18646469,4656.0788797,1929.31019351,4655.79474577,1929.94886023,4655.818452,1929.66064418,4655.92233051,1929.24424922,429,65.6241885971,-142.062757563,0.0217081185255,False,323.113010828,127.015292544,66.2656371629,-141.689212655,66.2594725991,-142.446660926
105,105,R-7C14,184,FTO112,flatNominal,112,112,7.36707361284,14.3148876461,0.0,14.9632952084,0.384829066522,14.9617734314,-0.387210314661,-0.37647092028,-0.43653551323,0.15128496747,-0.120455130042,0.0240866364461,flatNominal,ApogeeBoss,-7.0,13.0,78.4,-135.7928,0,0,-1,0,1,0,0,0,0,1,295.537805557,102.524167299,,,,,80.2760119676,-150.471168753,80.9748087656,-150.754380356,80.3593343416,-151.220468712,448,62.000705719,374,355,4899,4921,4234,4256,4909.41742623,4244.49372111,7.47741609233,8.07700432391,0.223624244604,2.78980747693e-05,2.92684781508e-05,4.07367558167e-07,2.85503435135,2.72088193893,1.25035202503,0.133846864104,0.123910881579,-0.00741151114926,353623.78125,354168.90625,17505.609375,26888.046875,4909,4244,4909,4244,0,4909.14939989,4243.9755573,4909.22,4244.11,4909.55850373,4244.39527758,4769.69068724,1854.77692862,4769.35512523,1855.25413927,4769.4438895,1855.12965277,4769.53817533,1854.69734152,448,79.4063658829,-151.11558309,1.08238355068,True,295.753429984,97.9955638004,80.081884955,-151.450545418,79.4331014835,-151.869027352
106,106,R-7C15,1042,FTO113,flatNominal,113,113,7.46248406949,14.333170832,0.0,14.965,0.376,14.9786947608,-0.3748339495,-0.740029506311,0.240897641316,0.227114248652,-0.130198375141,-1.0,flatNominal,Boss,-7.0,14.0,100.8,-135.7928,0,0,-1,0,1,0,0,0,0,1,339.170265198,122.460114956,,,,,111.989868232,-140.192684497,112.537221649,-139.701778869,112.695612618,-140.435843899,472,62.000705719,392,372,4694,4716,4431,4454,4704.52038371,4441.76374928,8.05816095365,8.47472346119,-0.109340813657,2.92039401378e-05,3.06411316747e-05,-3.26073184468e-07,2.91576385498,2.8339381218,-1.32908570766,0.124119520187,0.118018612266,0.00320277828723,361723.8125,362281.625,16682.8300781,25413.5195312,4704,4441,4704,4441,0,4704.24533736,4441.25282232,4704.29,4441.36,4704.71369773,4441.71550446,5039.33810025,1945.26745136,5039.01220067,1945.74754126,5039.0885237,1945.65183155,5039.20595214,1945.11833814,472,112.017060792,-140.162540577,0.0405966896326,False,339.4669553,122.343787304,112.562866169,-139.669914361,112.723567126,-140.403477152
107,107,R-7C16,687,FTO114,flatNominal,114,114,7.44100650575,14.3420762908,0.0,14.9915083397,0.362328585447,14.9815916724,-0.362153326515,0.614303247236,0.308427489907,0.33040050522,-0.0404366484706,0.0151320456574,flatNominal,ApogeeBoss,-7.0,15.0,123.2,-135.7928,0,0,-1,0,1,0,0,0,0,1,189.491415024,90.4335308075,,,,,107.768129724,-131.496795227,107.198492125,-131.974871576,107.071885092,-131.261469137,464,62.000705719,381,356,4646,4669,4368,4390,4656.93071721,4378.18571226,7.92196568755,8.37975258149,-0.0468652224387,2.96122810933e-05,3.12546972155e-05,7.59279565902e-08,2.89560031891,2.8137550354,-1.46981847286,0.126235470176,0.119339212775,0.00141198758502,349526.0,349970.96875,15927.96875,23215.59375,4657,4378,4657,4378,0,4656.59053013,4377.60535473,4656.74,4377.79,4657.13944437,4378.13048081,5004.96228206,2016.8582767,5004.60493085,2017.42822602,5004.6976225,2017.21602898,5004.81681331,2016.69872614,464,107.807506416,-131.472522592,0.0462567260865,False,189.158494335,90.6980830349,107.237298756,-131.949918878,107.111543085,-131.236365873
108,108,R-7C18,871,FTO116,flatNominal,116,116,7.4102529547,14.2981216102,0.0,14.9625553993,0.358386123492,14.9292806154,-0.394466467889,-0.596844688473,0.755539407024,0.207145478594,-0.128903340665,0.0189466160253,flatNominal,ApogeeBoss,-7.0,17.0,168.0,-135.7928,0,0,-1,0,1,0,0,0,0,1,5.58652505279,122.451950312,,,,,179.752327291,-134.540592933,180.052882381,-133.848076138,180.492273287,-134.460309645,523,62.000705719,380,365,4394,4416,4904,4927,4404.34572993,4914.20573409,7.55867204595,8.1707522543,0.00857931394964,2.60384992544e-05,2.87759688239e-05,-4.42596683456e-07,2.85847377777,2.74928212166,1.55678331852,0.132298529148,0.122387900949,-0.000277827697573,366735.1875,367390.5625,17532.0449219,25707.296875,4404,4914,4404,4914,0,4404.09919068,4913.52645442,4404.17,4913.76,4404.33362702,4914.2246713,5597.03404045,1993.03239733,5596.54567945,1993.56503792,5596.71721056,1993.3925394,5597.05642769,1993.03437471,523,179.771698979,-134.529345076,0.0224003700013,False,5.7912885197,122.292568389,180.071705462,-133.836590442,180.511581154,-134.448475734
109,109,R-7C19,126,FTO117,flatNominal,117,117,7.38493490381,14.3002134401,0.0,14.965,0.376,14.944597763,-0.3748339495,0.308334833574,-0.000771420884422,0.138033506746,-0.104948620805,-1.0,flatNominal,Boss,-7.0,18.0,190.4,-135.7928,0,0,-1,0,1,0,0,0,0,1,22.930277288,105.318181515,,,,,204.39161452,-133.803595437,204.677123904,-133.095215905,205.12914882,-133.695083679,543,62.000705719,372,352,4295,4316,5080,5102,4305.11983175,5089.54705574,7.63820152891,8.09911303169,0.216594394842,2.96867675877e-05,3.28698398376e-05,8.47411419582e-07,2.86093020439,2.74816179276,1.19359540939,0.131020233035,0.123564012349,-0.00700774183497,339135.71875,339702.9375,17057.3144531,25701.1894531,4305,5089,4305,5089,0,4304.83592744,5088.92352627,4304.93,5089.06,4305.06421943,5089.78192823,5798.38542149,1999.95910652,5797.96376933,2000.49910663,5798.04103979,2000.35198294,5798.61939835,1999.89983895,543,204.359587066,-133.776661092,0.0418475417142,False,22.8642619979,105.53954327,204.643174769,-133.067510061,205.096824447,-133.666150053
110,110,R-7C20,1064,FTO118,flatNominal,118,118,7.36397837643,14.3310036558,0.0,14.9765072948,0.388224393324,14.9709305778,-0.38621241108,-0.408393941007,-0.343304939021,0.0871829434308,-0.136342560127,0.0410751574169,flatNominal,ApogeeBoss,-7.0,19.0,212.8,-135.7928,0,0,-1,0,1,0,0,0,0,1,212.862489223,32.0522931218,,,,,195.813521825,-123.420488097,195.063351419,-123.488587215,195.405878831,-122.793994935,528,62.000705719,374,353,4251,4272,4979,5002,4261.68616701,4989.25043235,7.55324772944,8.050753007,0.0916883959755,2.79897281277e-05,2.99643274621e-05,-4.83782868565e-07,2.84026622772,2.74533939362,1.39422559738,0.132411688566,0.124229155481,-0.00301601970568,352203.9375,352744.875,16092.5273438,22704.1367188,4262,4989,4261,4989,0,4261.26409123,4988.58501582,4261.53,4988.78,4261.65295877,4989.38704845,5729.52897743,2084.83952833,5729.13405895,2085.52141287,5729.18450318,2085.19052307,5729.66547049,2084.80581796,528,195.8646638,-123.422886747,0.0511981946388,False,212.17387227,32.9603344138,195.114759693,-123.493858269,195.454624535,-122.797959316
111,111,R-6C1,647,FTO119,flatNominal,119,119,7.31298067105,14.3439236554,0.0,14.9844308841,0.415532840623,15.0021634361,-0.332478921957,1.24966190562,-2.81155207949,0.20129996577,-0.141087160655,0.018696518644,flatNominal,ApogeeBoss,-6.0,0.0,-224.0,-116.3938,0,0,-1,0,1,0,0,0,0,1,334.332826138,108.992346525,,,,,-212.968186538,-125.308944631,-212.274755819,-124.989459279,-212.364368739,-125.732295442,121,62.000705719,376,358,5819,5840,1992,2014,5828.78728241,2002.63136948,7.17222376664,8.50401409271,0.547767041357,2.48624774323e-05,2.99408863633e-05,6.87953743076e-07,2.94963788986,2.64118814468,1.22661042213,0.140116065741,0.118172869086,-0.0180505253375,361794.6875,362339.03125,16752.3554688,24872.3554688,5828,2002,5828,2002,0,5828.42963922,2002.44309514,5828.48,2002.45,5828.90147888,2002.82144277,2356.75262644,2075.95027884,2356.75101546,2076.35444871,2356.73545525,2076.30633965,2356.86837687,2075.76114787,121,-212.975467037,-125.267497355,0.0420818537304,False,334.225946718,109.243676577,-212.282843988,-124.946264784,-212.370583832,-125.689324513
112,112,R-6C3,897,FTO121,flatNominal,121,121,7.40335730576,14.3310543229,0.0,14.965739691,0.367314854845,14.9924395747,-0.331370173922,0.137618665066,-2.96869126652,0.202726020743,-0.150212821329,0.024392727154,flatNominal,ApogeeBoss,-6.0,2.0,-179.2,-116.3938,0,0,-1,0,1,0,0,0,0,1,32.6730421185,79.0596449375,,,,,-161.780325701,-118.176334452,-161.298854431,-117.623224033,-161.047259429,-118.275584063,166,62.000705719,392,368,5575,5597,2336,2362,5585.22046578,2348.70495001,7.51290314496,9.29317386999,0.447396591799,2.82773608004e-05,3.65166479876e-05,1.33286628058e-06,3.06582522392,2.7215423584,1.33792710304,0.133487030864,0.107915244997,-0.012852798216,351684.0,352446.0,16256.2011719,23259.3886719,5585,2348,5585,2348,0,5584.75623026,2348.33862742,5584.9,2348.38,5585.34728135,2348.68683126,2776.22487626,2131.93910745,2776.11466242,2132.52010639,2776.0801963,2132.37109408,2776.15018365,2131.835033,166,-161.778133368,-118.123261009,0.0531187038149,False,32.8272633141,79.0840758972,-161.298389072,-117.568652021,-161.044761193,-118.22022439
113,113,R-6C4,1341,FTO122,flatNominal,122,122,7.45550684817,14.3407452157,0.0,14.965,0.376,14.9865310527,-0.3748339495,0.100239932504,-0.156212860484,0.186298039711,-0.177619769853,-1.0,flatNominal,Boss,-6.0,3.0,-156.8,-116.3938,0,0,-1,0,1,0,0,0,0,1,158.931838274,101.947749853,,,,,-168.466915842,-107.331307505,-169.143143804,-107.602942884,-169.044660576,-106.858284398,154,62.000705719,374,355,5522,5543,2247,2270,5531.52598817,2258.42304484,7.34998668855,8.22695164906,0.607148182575,2.67213006122e-05,3.02721817416e-05,1.52631769334e-06,2.92188286781,2.65321302414,1.09813344479,0.136889174581,0.122297264636,-0.0202048141509,353851.71875,354370.96875,17444.5371094,26495.1601562,5531,2258,5531,2258,0,5531.10886824,2258.07899295,5531.2,2258.18,5531.6083995,2258.57605558,2720.99226931,2221.28830139,2720.88002215,2221.81722606,2720.92376006,2221.68647379,2721.08984954,2221.14448896,154,-168.467801981,-107.327310715,0.00409384580902,False,158.943713045,101.921936552,-169.144096005,-107.598781577,-169.045431624,-106.854147073
114,114,R-6C5,167,FTO123,flatNominal,123,123,7.40408606508,14.306643277,0.0,14.9384843248,0.384915044113,14.9543767073,-0.371028144617,0.306533570994,-0.288492885232,0.285720786878,-0.207489592189,0.014371504792,flatNominal,ApogeeBoss,-6.0,4.0,-134.4,-116.3938,0,0,-1,0,1,0,0,0,0,1,153.126894236,33.5218647122,,,,,-132.957038726,-95.8472897712,-133.412704733,-95.2644079731,-132.663718195,-95.1608616633,184,62.000705719,398,381,5303,5326,2460,2487,5313.55113999,2474.31703478,7.55535251,10.4752558121,0.33281316373,3.09599686e-05,4.32549483438e-05,1.38359829789e-06,3.24233102798,2.74187874794,1.45873045921,0.132541999221,0.0955968499184,-0.00842207949609,337216.125,337853.5,15140.2236328,21959.2851562,5313,2474,5313,2474,0,5313.22928001,2473.82669369,5313.29,2474.01,5313.67763218,2474.06413073,3013.19984226,2314.76548385,3012.91383843,2315.27756787,3013.04387877,2315.135744,3012.91710891,2314.7702363,184,-132.9694337,-95.838778174,0.0150360460305,False,153.266850853,33.366621529,-133.424944178,-95.2557748246,-132.67593004,-95.1524283488
115,115,R-6C6,1347,FTO124,flatNominal,124,124,7.33870966499,14.3455211012,0.0,14.965,0.376,14.9914720796,-0.3748339495,-0.732631937002,0.0931424071348,0.0980131460736,0.0749710909931,-1.0,flatNominal,Boss,-6.0,5.0,-112.0,-116.3938,0,0,-1,0,1,0,0,0,0,1,107.964191437,91.1101984978,,,,,-109.45215535,-100.708476337,-110.004756302,-100.239688225,-109.300823659,-99.9771406577,209,62.000705719,392,374,5251,5272,2651,2678,5260.18606321,2665.74427325,7.04534608653,14.0290139444,0.292832997851,3.62845805166e-05,6.50960032718e-05,1.87219256491e-06,3.74716854095,2.65199708939,1.52896308899,0.142060920596,0.0713427439332,-0.00593058438972,285868.5625,286520.0625,11430.9921875,16679.8671875,5260,2665,5260,2665,0,5259.83533798,2665.10439644,5259.94,2665.5,5260.32613342,2665.28402282,3207.61378019,2273.58976542,3207.20852341,2274.19657469,3207.50831365,2273.91955962,3207.14091035,2273.67833316,209,-109.411117864,-100.73262897,0.047617485769,False,107.684187022,91.2618574845,-109.962667321,-100.262604181,-109.258148325,-100.001634116
116,116,R-6C7,824,FTO125,flatNominal,125,125,7.4357395361,14.3239311817,0.0,14.9539115025,0.395680365457,14.9621013776,-0.381078752999,0.832038984045,2.63062358731,0.163887852995,-0.387580789041,0.0109182876638,flatNominal,ApogeeBoss,-6.0,6.0,-89.6,-116.3938,0,0,-1,0,1,0,0,0,0,1,76.5355843306,119.863511324,,,,,-87.5984182927,-104.711970913,-88.1845986529,-104.253898057,-87.4568274967,-103.982289982,240,62.000705719,391,371,5198,5216,2827,2854,5206.41820598,2841.51372186,6.15343959687,17.2705623979,0.160414424618,3.56257605778e-05,8.02876022802e-05,2.33738428069e-08,4.15606498718,2.48014616966,1.55637085438,0.162550091743,0.0579160191119,-0.00301963300444,268888.09375,269428.53125,9925.04199219,15108.1035156,5206,2841,5206,2841,0,5206.19896431,2840.9545073,5206.26,2841.3,5206.60884312,2841.18375529,3388.32975209,2240.00972618,3387.93523639,2240.46265576,3388.2125705,2240.24399251,3387.94903149,2239.99322528,240,-87.5483770478,-104.728228355,0.052615877746,False,76.2413238894,119.909214428,-88.1325647124,-104.267616882,-87.4036221332,-103.999168529
117,117,R-6C9,1056,FTO127,flatNominal,127,127,7.36944466098,14.3210152232,0.0,14.965,0.376,14.9661188335,-0.3748339495,0.0965109602191,0.00284038392431,0.17868004734,-0.511774662315,-1.0,flatNominal,Boss,-6.0,8.0,-44.8,-116.3938,0,0,-1,0,1,0,0,0,0,1,178.660075665,127.336714268,,,,,-56.723661724,-117.641881373,-57.0225030922,-118.32509893,-57.4657549124,-117.719062053,285,62.000705719,399,379,5175,5195,3105,3132,5184.32055465,3117.22342708,6.88707987292,15.2194889448,0.154498930916,3.26748644843e-05,6.14478728176e-05,-8.1797948708e-07,3.90158343315,2.62377905846,1.55226290226,0.145232498646,0.0657201930881,-0.00294862268493,302897.40625,303538.96875,12673.2314453,18967.1074219,5184,3117,5184,3117,0,5183.95009477,3116.98613102,5184.05,3116.91,5184.3979607,3117.66006208,3643.02436055,2132.14497676,3642.98520584,2132.58317403,3642.86819463,2132.52677475,3643.3757517,2131.87448448,285,-56.7679489084,-117.664797514,0.0498648597456,False,179.140810124,126.974894537,-57.0653716478,-118.34863383,-57.5098803138,-117.743518207
118,118,R-6C10,1112,FTO128,flatNominal,128,128,7.37824712555,14.3321157594,0.0,14.965,0.376,14.9776032058,-0.3748339495,0.671003129954,-0.441770291447,0.221143184658,-0.0933380772914,-1.0,flatNominal,Boss,-6.0,9.0,-22.4,-116.3938,0,0,-1,0,1,0,0,0,0,1,251.157889366,118.293217421,,,,,-27.0936662634,-128.442037756,-26.6165998377,-129.002685673,-27.3546235891,-129.141363007,324,62.000705719,395,369,5138,5161,3365,3392,5150.11619329,3376.38563791,7.78014697799,10.1016226051,0.300678916983,3.03872910295e-05,4.43865923296e-05,3.82231027716e-08,3.18432641029,2.78241539001,1.44406139851,0.128680303693,0.0991080030799,-0.0076604434289,334864.71875,335540.875,15515.7900391,21746.8515625,5150,3376,5150,3376,0,5149.69947244,3376.08401232,5149.87,3376.11,5150.23637644,3376.73464722,3888.64275093,2042.66539157,3888.56793977,2043.17434889,3888.51483476,2043.01234491,3888.89666645,2042.39747667,324,-27.0915856551,-128.42504802,0.0171166600917,False,251.013776227,118.422207988,-26.6146672226,-128.985821834,-27.3527275506,-129.12430437
119,119,R-6C11,1153,FTO129,flatNominal,129,129,7.36249809773,14.309938689,0.0,14.965,0.376,14.954659293,-0.3748339495,-0.414710220583,0.0787553142899,0.185983667433,-0.115639191318,-1.0,flatNominal,Boss,-6.0,10.0,0.0,-116.3938,0,0,-1,0,1,0,0,0,0,1,10.0930137187,98.6102771759,,,,,14.7030457321,-119.328316126,15.2062548516,-118.765056059,15.4330347553,-119.480897819,361,62.000705719,397,378,4912,4935,3638,3662,4923.67863748,3649.24291051,7.57529124753,8.56879978507,0.14567909189,2.48284726803e-05,2.87635799909e-05,-3.9144315059e-07,2.93082237244,2.74852156639,1.42816448212,0.132051303983,0.116740629077,-0.00449003698304,386952.53125,387522.78125,17906.1308594,26123.2558594,4923,3649,4923,3649,0,4923.47590315,3648.78452255,4923.48,3648.9,4923.78907312,3649.12855552,4235.27341861,2117.31281694,4234.96067722,2117.70449736,4235.06407789,2117.64268723,4235.12096319,2117.26775657,361,14.7297019371,-119.316723394,0.0290679328601,False,10.3208756563,98.4103161595,15.2326367103,-118.753218349,15.4597651755,-119.468949591
120,120,R-6C12,124,FTO130,flatNominal,130,130,7.38666190466,14.3091812373,0.0,14.965,0.376,14.9538756501,-0.3748339495,-1.24690672319,-0.0905737010741,0.199802172838,-0.16235184404,-1.0,flatNominal,Boss,-6.0,11.0,22.4,-116.3938,0,0,-1,0,1,0,0,0,0,1,227.035517693,72.2560286522,,,,,4.30345692985,-118.150449358,3.90041177941,-118.790002997,3.55827459192,-118.121558896,351,62.000705719,395,365,4944,4967,3557,3581,4955.26853621,3568.62893404,7.72762152536,8.45682429167,0.31461440776,2.64452306459e-05,2.87628765545e-05,9.01656392398e-07,2.92810511589,2.75873994827,1.21482861042,0.129602223635,0.118427067995,-0.0096430350095,379750.03125,380141.09375,18498.5332031,28106.5332031,4955,3568,4955,3568,0,4954.98510086,3568.19511934,4955.07,3568.3,4955.36557591,3568.61307084,4149.18704583,2126.56869762,4148.9334019,2127.02057763,4148.98421986,2126.89688542,4149.12811853,2126.48998349,351,4.33694434482,-118.211393409,0.0695383652105,False,227.028660072,72.5423823497,3.93702380119,-118.852905535,3.59162994232,-118.18613837
121,121,R-6C13,1363,FTO131,flatNominal,131,131,7.36333961741,14.3268337748,0.0,14.965,0.376,14.9721385798,-0.3748339495,-0.310640237927,0.0281691176567,0.259329934871,-0.113156809345,-1.0,flatNominal,Boss,-6.0,12.0,44.8,-116.3938,0,0,-1,0,1,0,0,0,0,1,117.714149952,54.3535816669,,,,,53.2709906986,-99.0842887962,52.990032101,-98.398946256,53.7341821093,-98.499162743,394,62.000705719,425,399,4617,4640,3844,3868,4627.88900255,3855.25930654,8.06966809785,9.01679845263,0.354548719811,2.48984297821e-05,2.80387446639e-05,1.22370325763e-06,3.02238559723,2.81986737251,1.24946844578,0.124135293067,0.111096039414,-0.00976222474128,417607.5,418127.03125,18938.1132812,27177.4882812,4628,3855,4628,3855,0,4627.47729596,3854.70274426,4627.68,3854.86,4628.11939543,3855.05440611,4554.69568533,2284.35676053,4554.39249711,2284.97912763,4554.43882948,2284.7223211,4554.40748523,2284.24718969,394,53.2367149483,-99.0707579461,0.0368498434383,False,117.795797175,54.3908724474,52.9543342821,-98.3860001128,53.6986907222,-98.4846716339
122,122,R-6C15,996,FTO133,flatNominal,133,133,7.38733291109,14.3203975959,0.0,14.9796097787,0.357365333726,14.9550458329,-0.404720054547,-0.908138133756,0.763053062972,0.277225719965,-0.163385225942,0.0135951279693,flatNominal,ApogeeBoss,-6.0,14.0,89.6,-116.3938,0,0,-1,0,1,0,0,0,0,1,168.356992006,71.3535243273,,,,,78.6947994699,-102.206176731,77.9453964581,-102.180373446,78.3526131407,-101.535740139,419,62.000705719,428,408,4542,4565,4043,4066,4553.54347517,4054.15615791,8.48426011097,8.87913101874,-0.0084761850926,2.61779051798e-05,2.77176885851e-05,-2.31729945457e-07,2.97981762886,2.91274404526,-1.54934382439,0.117865428329,0.112623743713,0.000225033101742,415390.8125,415920.375,18266.0859375,26342.2109375,4553,4054,4553,4054,0,4553.32207308,4053.63491252,4553.36,4053.8,4553.77764183,4053.99271617,4765.43228783,2258.33178616,4765.07243914,2258.76907847,4765.1985945,2258.66124025,4765.17910563,2258.19970285,419,78.7094486492,-102.21253711,0.0159703749888,False,168.227848163,71.4953060945,77.9600399641,-102.186899124,78.3671144479,-101.542176012
123,123,R-6C16,804,FTO134,flatNominal,134,134,7.42381155147,14.3556737738,0.0,14.965,0.376,15.0019758128,-0.3748339495,-0.162584225563,0.565310343726,0.114776909919,-0.330040053462,-1.0,flatNominal,Boss,-6.0,15.0,112.0,-116.3938,0,0,-1,0,1,0,0,0,0,1,157.066726685,121.662232876,,,,,100.408370344,-111.958089204,99.8664393437,-112.426026423,99.7107717275,-111.690576613,450,62.000705719,401,377,4531,4553,4240,4263,4542.06094468,4250.34742636,8.1134923978,8.85341101881,-0.181416841939,2.96620345732e-05,3.18057515953e-05,-9.73963005648e-07,2.98253202438,2.84102201462,-1.34283947945,0.123307980597,0.113002590835,0.00505345221609,364861.4375,365300.875,16808.5117188,24982.8867188,4542,4250,4542,4250,0,4541.87577207,4249.77283994,4541.95,4249.92,4542.22369626,4250.22925201,4944.70850912,2177.81533566,4944.28461284,2178.24516166,4944.38375194,2178.1150516,4944.52848156,2177.72565106,450,100.419508997,-111.96579559,0.0135446665794,False,156.977509703,121.764238288,99.8776824547,-112.433853757,99.7218506898,-111.69843871
124,124,R-6C17,715,FTO135,flatNominal,135,135,7.34953589735,14.2869852323,0.0,14.9690221004,0.366200615702,14.938790268,-0.372387639633,-0.0917446563622,0.415579252426,0.290176570056,-0.0329889318346,0.0148332486582,flatNominal,ApogeeBoss,-6.0,16.0,134.4,-116.3938,0,0,-1,0,1,0,0,0,0,1,102.492474318,96.8696415424,,,,,136.73230238,-101.653723842,136.157751094,-101.13490981,136.863355239,-100.914570606,474,62.000705719,382,364,4318,4339,4467,4489,4327.92556437,4476.70630515,7.61432376164,8.56886154236,0.15692748154,2.58767174931e-05,2.95550822066e-05,-3.12965483329e-09,2.93155217171,2.75484776497,1.41196238995,0.13138101995,0.116745680571,-0.00481214234605,366276.28125,366800.125,16899.8847656,24059.3222656,4328,4476,4328,4476,0,4327.61868604,4476.19343646,4327.77,4476.31,4327.97430904,4476.72691574,5244.42060313,2263.05009276,5244.10769754,2263.55930657,5244.14466789,2263.37267053,5244.41634464,2262.99734142,474,136.700753129,-101.670579859,0.0357698276578,False,102.4515976,97.0497445378,136.124942844,-101.153163492,136.830009492,-100.931110353
125,125,R-6C18,831,FTO136,flatNominal,136,136,7.34173596797,14.3414417002,0.0,14.965,0.376,14.9872516204,-0.3748339495,0.933257323531,0.281327620658,0.23876568625,-0.158024815977,-1.0,flatNominal,Boss,-6.0,17.0,156.8,-116.3938,0,0,-1,0,1,0,0,0,0,1,48.6790841818,82.0522767305,,,,,172.900829991,-111.803447931,173.113288162,-111.106983661,173.631717721,-111.650562125,509,62.000705719,384,370,4253,4275,4769,4791,4264.02377137,4778.47309864,7.84048103776,8.06518012154,0.0656237160784,2.68430731066e-05,2.8093513702e-05,-5.98479497393e-07,2.84305143356,2.79691243172,1.30647206306,0.127551883459,0.123998239636,-0.00207569543272,370712.78125,371425.71875,18412.0449219,27898.734375,4264,4778,4264,4778,0,4263.81984902,4777.91490472,4263.9,4778.04,4264.02773657,4778.63950691,5541.54656939,2180.20809269,5541.14587667,2180.64696639,5541.21875509,2180.51924217,5541.69229484,2180.12764688,509,172.862732764,-111.777150485,0.0462920557306,False,48.594972476,82.3219807862,173.072933838,-111.080001676,173.593121432,-111.621897996
126,126,R-6C19,544,FTO137,flatNominal,137,137,7.36375510679,14.3388189655,0.0,14.9773118413,0.376088874342,14.9741141494,-0.3889280731,0.274966640621,1.33022054572,0.158082395889,-0.0938354077554,0.029794894557,flatNominal,ApogeeBoss,-6.0,18.0,179.2,-116.3938,0,0,-1,0,1,0,0,0,0,1,14.287185967,128.654301167,,,,,189.274716424,-111.998846131,189.338709958,-111.260590876,189.960029026,-111.706935778,521,62.000705719,403,380,4192,4214,4888,4911,4202.80767402,4898.62096232,7.85411418145,8.39741044318,0.126672632809,2.56127808612e-05,2.74359636069e-05,1.81113379606e-07,2.90267014503,2.79750442505,1.35262858868,0.127352789044,0.119113311172,-0.003842163831,396044.625,396658.53125,18810.7617188,26830.2636719,4203,4898,4203,4898,0,4202.42976575,4898.01296866,4202.66,4898.17,4202.84542316,4898.63476975,5676.38472182,2178.94620116,5676.02030326,2179.56237489,5676.05131137,2179.29079252,5676.37951398,2178.9063449,521,189.30099242,-111.968379751,0.0402321799094,False,14.6930822549,128.366869608,189.363459403,-111.229993761,189.985700004,-111.675053071
127,127,R-6C21,129,FTO139,flatNominal,139,139,7.39824411155,14.2709591508,0.0,14.9033867049,0.383003753474,14.9103196995,-0.375281379779,0.438324662976,-0.0929684773911,0.065339820209,-0.185087485361,0.0179889560587,flatNominal,ApogeeBoss,-6.0,20.0,224.0,-116.3938,0,0,-1,0,1,0,0,0,0,1,93.6605608463,149.106080532,,,,,218.466075356,-109.476315654,217.728805456,-109.531899662,218.065554877,-108.852455597,544,62.000705719,344,328,4063,4084,5092,5112,4073.43347567,5100.63399881,7.1624282086,7.23162469737,0.267056231756,2.43396213929e-05,2.28979614333e-05,2.45135335734e-07,2.73245573044,2.63205981255,0.849816441536,0.139809966087,0.138472184539,-0.0103260669857,358163.40625,358674.96875,18442.3105469,28526.9355469,4073,5100,4073,5100,0,4073.21436094,5100.06663658,4073.29,5100.19,4073.51872738,5100.67060968,5915.32402484,2200.27598287,5914.92222571,2200.73256652,5915.00182878,2200.60902376,5915.31707718,2200.18346293,544,218.498927593,-109.470003432,0.0334531554941,False,93.2626445246,149.24453072,217.76141354,-109.522248127,218.101236385,-108.844336006
128,128,R-5C1,624,FTO140,flatNominal,140,140,7.40341960223,14.3496432921,0.0,14.9794898176,0.401102316457,14.9925190269,-0.365678267076,0.929443627184,-0.31131055517,0.217461949991,-0.186612700087,0.0134766243847,flatNominal,ApogeeBoss,-5.0,0.0,-235.2,-96.9948,0,0,-1,0,1,0,0,0,0,1,272.162868977,69.9354618788,,,,,-247.042538672,-111.313340746,-246.84667537,-112.033915018,-247.582703889,-111.818545006,80,62.000705719,361,347,5844,5864,1691,1714,5853.34951716,1702.47256713,6.95823654825,8.10682086506,0.607723176788,2.80431168207e-05,3.08761853996e-05,1.82250669207e-06,2.89286613464,2.58773708344,1.16395950317,0.144661709666,0.124165870249,-0.0216889660805,336153.09375,336710.09375,16617.9277344,24880.3027344,5853,1702,5853,1702,0,5852.94335954,1702.27085592,5853.05,1702.33,5853.40023369,1702.55281136,2079.23900216,2192.93232168,2079.24790436,2193.38572236,2079.25621604,2193.26299815,2079.2867108,2192.85025348,80,-246.987222851,-111.297369356,0.057575388785,False,271.902536248,70.4342215972,-246.788362702,-112.017122338,-247.525281073,-111.804817044
129,129,R-5C2,489,FTO141,flatNominal,141,141,7.3962986546,14.3199729452,0.0,14.965,0.376,14.9650405154,-0.3748339495,-0.69573797916,3.74915410653,0.192695075113,-0.198916615059,-1.0,flatNominal,Boss,-5.0,1.0,-212.8,-96.9948,0,0,-1,0,1,0,0,0,0,1,142.364165783,119.612102509,,,,,-222.677773843,-90.1449046476,-223.352951909,-90.4636058884,-223.28794031,-89.7155917753,91,62.000705719,358,346,5598,5620,1787,1809,5609.0649751,1797.68224983,7.1047249068,8.20174844245,0.547928833958,2.67753012244e-05,3.02257332155e-05,1.46430866943e-06,2.90319442749,2.62258195877,1.17836308479,0.141480341554,0.12255666405,-0.018903568387,338437.03125,338981.8125,15165.1757812,20957.1132812,5609,1798,5609,1798,0,5608.51003391,1797.31950581,5608.73,1797.53,5609.11822176,1797.72481002,2276.59550955,2365.53078679,2276.53040172,2366.19056246,2276.61466545,2365.89363216,2276.60863309,2365.46389622,91,-222.675413851,-90.1419359756,0.00379243691982,False,142.344749539,119.613351061,-223.350692938,-90.4604231108,-223.285444158,-89.7124296496
130,130,R-5C3,238,FTO142,flatNominal,142,142,7.40548800914,14.2611041285,0.0,14.9045902987,0.371602783424,14.9050119257,-0.374193569828,0.530663046843,-0.102617237781,0.20118673783,-0.136111135668,0.0370091909773,flatNominal,ApogeeBoss,-5.0,2.0,-190.4,-96.9948,0,0,-1,0,1,0,0,0,0,1,109.688476324,93.7155246735,,,,,-189.3492657,-81.5914494405,-189.949188416,-81.1529795849,-189.267153636,-80.8512496784,122,62.000705719,382,364,5412,5433,1996,2019,5422.12643548,2007.26458524,7.29023011928,8.7315193345,0.52024319738,2.63983390995e-05,2.86976366906e-05,1.24637881258e-06,2.98323369026,2.66871976852,1.25815522671,0.137755602598,0.115016646683,-0.016415566206,367448.9375,368008.125,17208.28125,24766.28125,5422,2007,5422,2007,0,5421.66363927,2006.98617764,5421.84,2007.1,5422.17546012,2007.39840958,2548.85843347,2434.40511563,2548.82551073,2434.9441956,2548.84405959,2434.74021684,2548.95443513,2434.29977784,122,-189.386892969,-81.6118198837,0.0427874554055,False,109.662375102,93.9121197243,-189.988117773,-81.175137144,-189.306983862,-80.87137906
131,131,R-5C4,1391,FTO143,flatNominal,143,143,7.37628067405,14.2867522897,0.0,14.965,0.376,14.9306711508,-0.3748339495,0.997316082386,0.945744170357,0.186182529744,-0.24574456787,-1.0,flatNominal,Boss,-5.0,3.0,-168.0,-96.9948,0,0,-1,0,1,0,0,0,0,1,298.647880554,136.557934284,,,,,-160.727619736,-104.007132999,-159.982731895,-103.791406179,-160.183200236,-104.515797326,159,62.000705719,372,353,5468,5489,2291,2315,5477.92331256,2302.20922872,7.54850322404,8.28220716266,0.400065675644,3.00557381666e-05,3.07628115996e-05,3.54288739401e-07,2.90829086304,2.71524477005,1.15645670891,0.13281661272,0.121050663292,-0.0128312101588,341193.46875,341726.9375,15681.5429688,22071.0429688,5478,2302,5478,2302,0,5477.31949069,2301.8140317,5477.62,2301.94,5478.05060368,2302.24496193,2784.59888459,2248.57703941,2784.52759715,2249.29516171,2784.50640189,2248.97158738,2784.57172407,2248.44764777,159,-160.727400972,-103.979396589,0.0277372724524,False,298.579525324,136.708897158,-159.982824935,-103.762596033,-160.182248659,-104.487275457
132,132,R-5C5,189,FTO144,flatNominal,144,144,7.36755490096,14.282955887,0.0,14.9339017178,0.364664233976,14.9276104509,-0.389312802821,-0.0163749684552,0.0668355335262,0.232915950592,-0.20677014078,0.0135021864966,flatNominal,ApogeeBoss,-5.0,4.0,-145.6,-96.9948,0,0,-1,0,1,0,0,0,0,1,41.9472652674,173.079053164,,,,,-149.091559343,-91.019894759,-149.764075638,-90.6967348754,-149.143418458,-90.2685928241,165,62.000705719,382,364,5329,5350,2325,2351,5338.90101374,2337.63754145,7.57936678118,9.10070829674,0.390057702319,2.90229573821e-05,3.53441609265e-05,1.35235600097e-06,3.03230690956,2.73590755463,1.33388614655,0.132228806615,0.110124461353,-0.011334692128,342990.0,343529.09375,15073.8603516,21187.4941406,5339,2337,5338,2337,0,5338.34420741,2337.21590786,5338.63,2337.31,5338.97031098,2337.59217249,2880.2834518,2355.47338411,2880.1669873,2356.16203801,2880.12296225,2355.86337243,2880.21118618,2355.43291031,165,-149.093763449,-90.977938892,0.0420137222981,False,44.0794546042,171.946719559,-149.771816451,-90.6665635476,-149.158724803,-90.2276562868
133,133,R-5C6,1170,FTO145,flatNominal,145,145,7.40200153611,14.3511247909,0.0,14.965,0.376,14.9972695345,-0.3748339495,-0.718526378287,-0.00136090844642,0.135210908936,-0.135122095757,-1.0,flatNominal,Boss,-5.0,5.0,-123.2,-96.9948,0,0,-1,0,1,0,0,0,0,1,75.7808160782,84.0705692768,,,,,-111.071038708,-85.6283183506,-111.203695966,-84.9207727165,-110.490621192,-85.1580854006,204,62.000705719,397,379,5146,5166,2581,2610,5155.65865333,2595.96356715,7.05617568015,12.5684652431,0.34228974468,2.97300188498e-05,5.27301883412e-05,1.39544689507e-06,3.54818797112,2.6523578167,1.50901687145,0.141907304525,0.0796694606543,-0.00772941065952,320674.5,321256.28125,12115.1767578,17565.1132812,5155,2595,5155,2595,0,5155.38868029,2595.48363855,5155.45,2595.75,5155.80184743,2595.5543756,3194.05994738,2398.53623387,3193.75918948,2398.99749474,3193.96497414,2398.81973423,3193.63090861,2398.59842728,204,-111.047763934,-85.6325410964,0.0236547386987,False,75.8147856993,83.9419514099,-111.179252201,-84.9247772882,-110.466570422,-85.1632675929
134,134,R-5C7,1296,FTO146,flatNominal,146,146,7.38905077544,14.3356121799,0.0,14.9763898874,0.378357792882,14.9741843168,-0.377221007618,-0.641045548403,0.041528180898,0.193079748365,-0.175937130963,0.0111329673323,flatNominal,ApogeeBoss,-5.0,6.0,-100.8,-96.9948,0,0,-1,0,1,0,0,0,0,1,246.654396057,157.742342949,,,,,-97.8050766428,-104.531410849,-97.0884928484,-104.732055698,-97.6353914281,-105.253405994,229,62.000705719,384,360,5235,5255,2751,2778,5244.14692882,2766.03390866,6.48452589836,15.5942206184,0.0670435872037,3.70363038063e-05,7.42308732259e-05,2.10519835926e-07,3.94901442528,2.54637646675,1.56343722343,0.15422013402,0.0641291737556,-0.00132606446277,269022.25,269733.125,9974.91308594,14579.9130859,5244,2765,5244,2765,0,5243.87205353,2765.40125882,5243.96,2765.79,5244.31233454,2765.52678321,3303.95802566,2241.44865209,3303.52411216,2241.98486223,3303.82969295,2241.72420775,3303.43187804,2241.53642427,229,-97.754812185,-104.584953048,0.0734389736721,False,248.135629361,156.961013477,-97.0358309133,-104.776829625,-97.576320227,-105.304821566
135,135,R-5C8,1374,FTO147,flatNominal,147,147,7.37315984193,14.3214236717,0.0,14.965,0.376,14.9665414053,-0.3748339495,0.119377169974,-0.0369215817804,0.198143305874,-0.213992633081,-1.0,flatNominal,Boss,-5.0,7.0,-78.4,-96.9948,0,0,-1,0,1,0,0,0,0,1,214.074289799,34.7538462281,,,,,-96.1198248288,-85.9410911995,-96.8555884089,-86.0603323189,-96.5868582425,-85.3592345416,220,62.000705719,394,380,5092,5112,2693,2720,5101.38006706,2707.27531139,6.86793942982,14.9971233596,0.197038527577,3.80218425745e-05,7.29125405056e-05,1.16253661587e-06,3.87322807312,2.61976456642,1.54657685757,0.14565898478,0.0667046010494,-0.00382745824754,274748.25,275447.53125,10206.6123047,14081.0292969,5101,2707,5101,2706,0,5101.09422092,2706.39654387,5101.17,2707.0,5101.5415929,2706.74250308,3317.85570382,2395.20756764,3317.20862314,2395.86728498,3317.70455849,2395.52005343,3317.30857619,2395.31065328,220,-96.0769599689,-85.9810300143,0.0585875851914,False,213.343855442,35.8793913417,-96.8118837763,-86.1053420719,-96.5479947201,-85.4024078206
136,136,R-5C9,1149,FTO148,flatNominal,148,148,7.36559665252,14.3287679542,0.0,14.9695439779,0.38595327145,14.9693693035,-0.373328165921,0.0383419028523,-0.0220620524112,0.114396709106,-0.138805191753,0.0116076595098,flatNominal,ApogeeBoss,-5.0,8.0,-56.0,-96.9948,0,0,-1,0,1,0,0,0,0,1,92.3864150047,97.376986742,,,,,-51.2136884791,-82.6770326402,-51.7028753946,-82.1111262858,-50.9545980155,-81.9823268465,267,62.000705719,404,381,4897,4917,3011,3039,4906.35423132,3024.30090881,6.6572768921,16.8206051063,0.284922982192,4.01673661859e-05,8.2629936919e-05,1.29703183698e-06,4.10226583481,2.57862281799,1.54279124737,0.150320544839,0.0594940260053,-0.00509253703058,269561.71875,270217.5,10512.9619141,15848.4609375,4906,3024,4906,3024,0,4906.02429335,3023.94206446,4906.11,3023.94,4906.46120983,3024.51658908,3689.13008222,2421.58259307,3688.96441439,2422.04104972,3688.92465891,2421.96252201,3689.27187587,2421.38802446,267,-51.2333705208,-82.6591081722,0.0266208437932,False,92.5512509399,97.2882605066,-51.7233087347,-82.0938521356,-50.9752031084,-81.9640588248
137,137,R-5C10,1349,FTO149,flatNominal,149,149,7.36467694255,14.3285714541,0.0,14.9727091061,0.379224775227,14.9854038186,-0.366991584179,-0.861996970954,-0.0927574866893,0.153556874012,-0.101417905924,0.013746003363,flatNominal,ApogeeBoss,-5.0,9.0,-33.6,-96.9948,0,0,-1,0,1,0,0,0,0,1,90.4631853104,46.7526680231,,,,,-16.4305303296,-86.8472560317,-16.2591799813,-86.1196821159,-15.7112634436,-86.6264241396,312,62.000705719,393,372,4793,4816,3285,3310,4804.25235544,3296.06349488,7.8696729565,10.1183298693,0.195594883036,3.41147189158e-05,4.31910986514e-05,-8.51403197274e-07,3.18358540535,2.80228233337,1.4846752882,0.127131164074,0.0988780483603,-0.00491508096457,323182.09375,323781.4375,14653.4248047,21446.1132812,4804,3296,4804,3296,0,4803.94106252,3295.83309295,4804.03,3295.8,4804.31319832,3296.45469056,3977.31025758,2386.48440538,3977.24986345,2386.86695064,3977.18047697,2386.80692352,3977.62901359,2386.24960647,312,-16.4463800387,-86.8284217577,0.0246159126349,False,90.4917152178,46.8119311802,-16.2761447365,-86.1005861397,-15.7274523727,-86.6064880084
138,138,R-5C11,78,FTO150,flatNominal,150,150,7.3499942799,14.3052057689,0.0,14.9426395786,0.383888567852,14.9494953514,-0.374626652443,0.0487555254469,-0.0927666290586,0.174009038786,-0.127363880495,0.00853362030662,flatNominal,ApogeeBoss,-5.0,10.0,-11.2,-96.9948,0,0,-1,0,1,0,0,0,0,1,105.526245832,78.9357537031,,,,,-5.34922222552,-80.932639299,-5.78107295043,-80.3266712753,-5.02533968396,-80.2614058864,320,62.000705719,418,399,4708,4731,3343,3370,4718.56877357,3355.06161432,8.04799034594,10.5480425604,0.39550686668,2.90780436497e-05,4.15429363323e-05,7.45318195256e-07,3.25716423988,2.82611274719,1.4175798893,0.12448400259,0.0949793383479,-0.00933524500579,363013.46875,363588.0,16037.3730469,23293.2480469,4718,3355,4718,3355,0,4718.28832043,3354.72121532,4718.34,3354.77,4718.58575123,3355.38913484,4069.23654524,2435.18771055,4069.06435678,2435.59376052,4069.0823723,2435.53066824,4069.51911752,2435.02124482,320,-5.36986552372,-80.9242638234,0.0222776648734,False,105.60533093,78.9286301204,-5.80247698266,-80.3188386671,-5.04682628331,-80.252624155
139,139,R-5C12,1140,FTO151,flatNominal,151,151,7.41277272343,14.3062123502,0.0,14.9520200388,0.380456209917,14.9487118903,-0.372582514101,-0.667535415998,1.8133792824,0.148061938093,-0.0248312592688,0.00829041409891,flatNominal,ApogeeBoss,-5.0,11.0,11.2,-96.9948,0,0,-1,0,1,0,0,0,0,1,281.238219738,17.8232654929,,,,,-8.47538255313,-105.700614996,-8.84207718403,-106.354334772,-9.21809499568,-105.701886407,332,62.000705719,395,372,4902,4924,3416,3443,4912.53129276,3426.68659593,7.93780280843,9.33023558725,0.362588625041,3.13451231038e-05,3.85512731098e-05,6.63005234204e-07,3.06903815269,2.80161428452,1.33072245121,0.126203477383,0.107369028032,-0.00980895850807,345024.375,345629.21875,15755.9970703,23109.6210938,4912,3426,4912,3426,0,4912.23339626,3426.48043269,4912.29,3426.45,4912.62518755,3426.98105317,4043.08031095,2230.08420437,4043.0352168,2230.44366525,4042.97628127,2230.40500619,4043.29800672,2229.86481921,332,-8.47863863689,-105.712839453,0.0126506695597,False,281.445672635,17.5502563261,-8.84608099596,-106.36613924,-9.221352048,-105.713261072
140,140,R-5C13,1400,FTO152,flatNominal,152,152,7.43863976074,14.3364473034,0.0,14.9701427367,0.390877801421,14.9854974857,-0.360809737509,-0.256845531758,0.0046291104366,0.174202730638,-0.138624780285,0.0112680591063,flatNominal,ApogeeBoss,-5.0,12.0,33.6,-96.9948,0,0,-1,0,1,0,0,0,0,1,346.004555225,130.907582045,,,,,44.4423160578,-97.9460117481,44.8332559516,-97.312354619,45.184255929,-97.9772372706,389,62.000705719,403,379,4642,4664,3775,3798,4652.68969933,3786.0473511,7.75635225631,8.98143607394,0.201802666858,2.90884466308e-05,3.42938732543e-05,-2.41338368783e-07,3.00230288506,2.77920246124,1.41167008877,0.129001989961,0.11140589416,-0.00579705648124,361453.84375,361987.9375,15322.390625,21736.515625,4652,3786,4652,3785,0,4652.47599189,3785.46138805,4652.51,3785.68,4652.89069521,3785.88629862,4481.8583976,2294.361702,4481.43760488,2294.82208993,4481.61211796,2294.69412058,4481.62266873,2294.25792753,389,44.4403751104,-97.8718264735,0.0742106612781,False,346.328531997,130.961779282,44.8271241401,-97.2356028132,45.1825049192,-97.8981542651
141,141,R-5C14,1333,FTO153,flatNominal,153,153,7.38507926008,14.3000600733,0.0,14.9578221324,0.352895555377,14.9348732023,-0.402250178321,0.444047038204,0.0103931632075,0.195471936553,-0.296824662287,0.0116154294474,flatNominal,ApogeeBoss,-5.0,13.0,56.0,-96.9948,0,0,-1,0,1,0,0,0,0,1,211.319167614,71.8624198437,,,,,37.9186119358,-94.2825352672,37.3625865176,-94.7805532728,37.206860534,-94.0412825845,381,62.000705719,397,380,4640,4662,3713,3737,4651.03662914,3724.65527426,7.54693072602,8.85124491996,0.179492197373,2.68569476769e-05,3.1927713791e-05,-9.96566553799e-08,2.97917675972,2.74275064468,1.43650698662,0.132568135858,0.113032974303,-0.00537663279101,369884.0625,370488.71875,17177.0449219,24737.484375,4651,3724,4651,3724,0,4650.71491672,3724.17094607,4650.85,3724.3,4651.20836267,3724.49671472,4428.18465281,2324.20879331,4427.90391256,2324.71796674,4427.95289475,2324.54163231,4427.96466234,2324.12981406,381,37.9540831682,-94.2702424407,0.0375409365352,False,211.014387225,72.2014141285,37.3983552382,-94.7685923853,37.2421878305,-94.0294148198
142,142,R-5C15,950,FTO154,flatNominal,154,154,7.44838430706,14.3408309685,0.0,14.965,0.376,14.9866197707,-0.3748339495,0.435060473212,-0.0595830731963,0.197544241577,-0.0297780153069,-1.0,flatNominal,Boss,-5.0,14.0,78.4,-96.9948,0,0,-1,0,1,0,0,0,0,1,243.255608082,56.053276062,,,,,59.234547499,-100.992981008,58.8784935285,-101.628739256,58.4878818289,-100.987146289,400,62.000705719,392,378,4608,4630,3897,3920,4618.75825473,3907.079403,7.62613664058,8.72165051106,0.256695336236,2.56878234697e-05,2.99026708357e-05,6.64624889889e-07,2.96290659904,2.75117635727,1.35167717934,0.131258025765,0.114770896733,-0.00772636430338,377012.1875,377732.65625,16572.3066406,22638.3671875,4619,3907,4618,3906,0,4618.29111683,3906.45704976,4618.56,3906.69,4618.99565595,3906.86854004,4604.86701494,2268.49704306,4604.53111381,2269.19897739,4604.60996388,2268.84961546,4604.57028779,2268.3840142,400,59.3013848909,-100.986415131,0.0671591222033,False,242.689998544,56.8914331218,58.948359145,-101.623859876,58.5546999137,-100.984132243
143,143,R-5C16,631,FTO155,flatNominal,155,155,7.42797339895,14.3148849723,0.0,14.9473278817,0.382767289074,14.9518047714,-0.369434072764,0.320109411683,0.438048654024,0.262789742489,-0.0127529695089,0.017401443301,flatNominal,ApogeeBoss,-5.0,15.0,100.8,-96.9948,0,0,-1,0,1,0,0,0,0,1,232.414634228,42.9518517852,,,,,80.6425850388,-94.2871879462,80.0545901318,-94.7352468939,79.9698851186,-93.987816635,417,62.000705719,386,369,4477,4498,4028,4051,4487.56931289,4038.42353479,7.94528493602,8.39042249805,0.0383435938653,2.8164036596e-05,3.02520918225e-05,7.51123495112e-08,2.89718842506,2.81815648079,1.48549485207,0.125863581896,0.119186140597,-0.00115037406795,359299.28125,359853.71875,16222.2138672,24237.4023438,4487,4038,4487,4038,0,4487.46393569,4037.94656033,4487.45,4038.06,4487.75185236,4038.26711629,4781.9813094,2324.10591028,4781.60707912,2324.41985406,4781.71334969,2324.37554019,4781.7582219,2324.01635933,417,80.6797319185,-94.2645647713,0.0434936628659,False,231.974794178,43.4827739207,80.0924500255,-94.7135578776,80.0065569432,-93.966263217
144,144,R-5C17,640,FTO156,flatNominal,156,156,7.38592537597,14.3093854642,0.0,14.965,0.376,14.9540869388,-0.3748339495,2.90113484208,1.07800040405,0.0991509006619,-0.188956594929,-1.0,flatNominal,Boss,-5.0,16.0,123.2,-96.9948,0,0,-1,0,1,0,0,0,0,1,301.270866394,80.8570092916,,,,,123.197091532,-114.09192345,123.823232212,-114.515189641,123.144200763,-114.835793767,470,62.000705719,389,373,4460,4482,4415,4438,4470.32479768,4425.25643342,7.60219772895,8.41434066033,0.390945645263,2.89888105758e-05,3.13240105649e-05,9.39044827041e-07,2.92778873444,2.72847795486,1.18758511543,0.131855949759,0.119129359722,-0.0122525375336,358942.96875,359440.8125,17394.9785156,26257.9160156,4470,4425,4470,4425,0,4470.07391184,4424.70437987,4470.15,4424.85,4470.38202955,4425.23253754,5132.96816173,2160.56602445,5132.59462485,2161.04370324,5132.69416491,2160.90886339,5132.92051462,2160.52632242,470,123.240370945,-114.069346447,0.048814226117,False,301.261897636,81.062021215,123.867956204,-114.490467762,123.190025706,-114.81339338
145,145,R-5C18,665,FTO157,flatNominal,157,157,7.40124350966,14.3390263053,0.0,14.9792320017,0.374346147266,14.9902492404,-0.368088958329,-0.896436547051,0.715994894047,0.207136448591,-0.126772469164,0.015553930848,flatNominal,ApogeeBoss,-5.0,17.0,145.6,-96.9948,0,0,-1,0,1,0,0,0,0,1,16.0728612542,33.6760166287,,,,,158.325411003,-113.644478854,159.055501709,-113.774732196,158.582389459,-114.347004914,496,62.000705719,398,383,4322,4344,4670,4693,4333.26730508,4679.79900033,8.04544225909,8.39349140085,0.149582489851,2.54663946167e-05,2.71254074567e-05,1.18822228299e-07,2.90670657158,2.82665705681,1.2157907486,0.124335169792,0.119179420173,-0.0044316155836,392995.3125,393655.375,19007.5976562,28689.7851562,4333,4679,4333,4679,0,4333.02740957,4679.21164766,4333.1,4679.33,4333.31530199,4679.84530043,5422.03871686,2164.42462595,5421.62879855,2164.90887794,5421.6991004,2164.78860049,5422.05758362,2164.36066153,496,158.327951803,-113.654179664,0.0100280297342,False,16.1859053049,33.4918700802,159.057880305,-113.785338928,158.584058245,-114.357024087
146,146,R-5C19,742,FTO158,flatNominal,158,158,7.34410787951,14.3275938953,0.0,14.965,0.376,14.9729249839,-0.3748339495,-0.403848085416,-0.107658475144,0.23088620045,-0.140706418963,-1.0,flatNominal,Boss,-5.0,18.0,168.0,-96.9948,0,0,-1,0,1,0,0,0,0,1,226.809482574,87.4375516176,,,,,152.188159516,-102.066672588,151.987549291,-102.779005432,151.462748721,-102.241977698,485,62.000705719,374,359,4261,4282,4581,4604,4271.85687255,4591.58260143,7.48642597242,8.38844646763,0.170299262958,2.7507100753e-05,3.23839981917e-05,1.60894592897e-07,2.90164232254,2.73044776917,1.39027440548,0.133636802435,0.119266666472,-0.00542609393597,345417.46875,346031.90625,16388.03125,23456.21875,4272,4591,4272,4591,0,4271.52876138,4590.98368008,4271.72,4591.13,4271.89443053,4591.66626867,5372.20469804,2259.66088389,5371.82530316,2260.22870715,5371.86615569,2259.98764355,5372.26152508,2259.58890128,485,152.210185061,-102.100735258,0.0405634084338,False,226.869532937,87.5353649261,152.011538244,-102.813618127,151.485260027,-102.278038382
147,147,R-5C20,1051,FTO159,flatNominal,159,159,7.34527362057,14.3716337527,0.0,14.9932904123,0.407042327825,15.0363288237,-0.338084772696,-0.18602949263,1.31983326588,0.145240938652,-0.110610356956,0.0339052568917,flatNominal,ApogeeBoss,-5.0,19.0,190.4,-96.9948,0,0,-1,0,1,0,0,0,0,1,49.2518591881,40.0274285674,,,,,210.209731269,-101.848985795,210.8284371,-101.43747206,210.876846569,-102.182269499,532,62.000705719,374,356,4038,4060,5002,5024,4048.93792044,5012.03048317,7.42764200864,7.65536318593,0.245005379855,2.35903537841e-05,2.4432700522e-05,5.06100458007e-07,2.79493689537,2.69654083252,1.00291466713,0.134774506092,0.130765423179,-0.00862675718963,386775.875,387355.53125,18169.7890625,24974.8359375,4049,5011,4049,5012,0,4048.61881203,5011.55695678,4048.78,5011.58,4048.92741427,5012.22743011,5848.08116381,2262.95782116,5847.80879797,2263.45969192,5847.75751795,2263.30709295,5848.26065873,2262.8760896,532,210.215004594,-101.824376488,0.0251679540986,False,49.3163976928,40.0360715531,210.833184311,-101.412072843,210.882545039,-102.156807842
148,148,R-5C21,1115,FTO160,flatNominal,160,160,7.40108157689,14.3242628081,0.0,14.965,0.376,14.9694787139,-0.3748339495,0.310399625001,1.01905573135,0.0894446401869,-0.165598328806,-1.0,flatNominal,Boss,-5.0,20.0,212.8,-96.9948,0,0,-1,0,1,0,0,0,0,1,104.016398191,66.7986989021,,,,,221.763068916,-81.0629862082,221.478169591,-80.3768721334,222.222569869,-80.4750551501,534,62.000705719,366,349,3842,3863,5008,5030,3852.92359733,5017.66935357,7.47345416438,7.58448950832,0.0772617530474,2.57352380742e-05,2.75932406936e-05,4.63592393483e-08,2.76117944717,2.72650551796,1.09693717957,0.133821025491,0.131861910224,-0.00272641866468,358626.25,359193.1875,17936.5449219,26456.9824219,3853,5017,3853,5017,0,3852.71394269,5017.0979904,3852.84,5017.23,3852.91264344,5017.72424259,5943.69780483,2434.16199658,5943.2880846,2434.61204134,5943.34689974,2434.44462508,5943.75154028,2434.14633475,534,221.788763971,-81.0749229246,0.0283323318002,False,103.947081344,66.7731785356,221.505000706,-80.3883382185,222.24923745,-80.4877532475
149,149,R-5C22,1158,FTO161,flatNominal,161,161,7.40254375094,14.3401622985,0.0,14.971538939,0.372910213082,14.9631143334,-0.39236963704,-0.305781004786,0.407333744952,0.0965124504571,-0.192513509114,0.0313479427722,flatNominal,ApogeeBoss,-5.0,21.0,235.2,-96.9948,0,0,-1,0,1,0,0,0,0,1,139.998457432,135.162241459,,,,,225.516374352,-92.7614403528,224.921860043,-93.1906853007,224.860061844,-92.4278581869,542,62.000705719,348,327,3914,3936,5079,5100,3924.46151862,5088.77901358,7.52435972868,7.22825053546,0.132675919309,3.04902193738e-05,2.9254355307e-05,-1.16522684287e-07,2.75229167938,2.67908596992,0.365335971117,0.132944703102,0.138390854001,-0.00488045066595,321639.34375,322174.09375,15631.1904297,23714.5039062,3924,5088,3924,5088,0,3924.30939754,5088.2598315,3924.35,5088.36,3924.48089304,5088.81280912,5973.68094245,2337.85379659,5973.29089506,2338.22870176,5973.36027151,2338.14856027,5973.70195314,2337.82099326,542,225.537858879,-92.777588496,0.0268765217537,False,139.777858446,135.373489001,224.943274519,-93.2067364054,224.881600825,-92.4438992154
150,150,R-4C1,695,FTO162,flatNominal,162,162,7.37919245935,14.3531934637,0.0,14.9924393806,0.382188363595,15.0138169781,-0.356443229349,0.0457059565539,-0.00711510147078,0.209013149566,-0.193377885529,0.0197364693591,flatNominal,ApogeeBoss,-4.0,0.0,-246.4,-77.5959,0,0,-1,0,1,0,0,0,0,1,317.201685905,138.551083803,,,,,-237.322692048,-81.7750648777,-236.72527409,-81.3303232999,-236.629473038,-82.0630277356,76,62.000705719,362,347,5593,5613,1648,1671,5602.35473684,1659.64554967,7.15569276265,8.2719063587,0.611611999639,2.83232925246e-05,3.2302724387e-05,1.51323576339e-06,2.92263245583,2.62408423424,1.15524220467,0.140637651086,0.121659971774,-0.0207970626652,331700.9375,332180.375,15440.2382812,21967.7988281,5602,1659,5602,1659,0,5601.92065221,1659.5381719,5602.03,1659.51,5602.34606945,1659.69975996,2157.29688885,2435.29465271,2157.40234948,2435.72920708,2157.3265205,2435.64731852,2157.34896541,2435.27727714,76,-237.287644057,-81.7593779109,0.0383984715343,False,317.62855483,138.336332738,-236.691876692,-81.312427652,-236.593363717,-82.044772397
151,151,R-4C2,386,FTO163,flatNominal,163,163,7.43296111308,14.3034200481,0.0,14.965,0.376,14.9479152495,-0.3748339495,-0.373187821579,0.347360116216,0.201266397769,-0.171584176288,-1.0,flatNominal,Boss,-4.0,1.0,-224.0,-77.5959,0,0,-1,0,1,0,0,0,0,1,90.1720476151,30.8852747083,,,,,-204.482296185,-70.4497160103,-204.109230315,-69.7864770716,-203.736808181,-70.4386620621,102,62.000705719,394,377,5386,5408,1843,1866,5397.0246876,1854.36402438,7.42486105926,8.72238290524,0.617211104248,2.60150156271e-05,2.95464770108e-05,2.18726053846e-06,2.99484181404,2.679210186,1.19055533409,0.135479584336,0.115325942636,-0.0191735457629,377586.78125,378126.9375,17789.7441406,25138.9316406,5397,1854,5397,1854,0,5396.50881451,1854.1077562,5396.75,1854.21,5396.99740246,1854.46010017,2424.88195002,2527.34870503,2424.89319609,2527.9246147,2424.86952624,2527.65945293,2424.97975672,2527.32848409,102,-204.502441833,-70.4248600011,0.0319948172265,False,90.1067567787,31.1064853536,-204.131182224,-69.76060829,-203.75698667,-70.4117773893
152,152,R-4C3,177,FTO164,flatNominal,164,164,7.35594556067,14.3448130957,0.0,14.9856551422,0.388059054275,14.995149678,-0.375251850892,-0.582819201953,-0.0651346177959,0.213233134365,-0.168531287578,0.0191037596623,flatNominal,ApogeeBoss,-4.0,2.0,-201.6,-77.5959,0,0,-1,0,1,0,0,0,0,1,3.17468974739,127.059170008,,,,,-190.380768882,-76.0165446861,-190.134175723,-75.3091125893,-189.640450576,-75.8913231731,116,62.000705719,382,362,5375,5396,1967,1991,5384.75077615,1978.41227975,7.39148299722,9.10612464404,0.618129977058,2.83463926462e-05,3.42986110525e-05,1.83519108586e-06,3.05052876472,2.68176841736,1.25845503807,0.136063233018,0.110443152487,-0.0184721313417,346091.78125,346625.375,15559.8164062,23044.0664062,5384,1978,5384,1978,0,5384.400631,1978.13345322,5384.45,1978.22,5384.77192661,1978.52675974,2540.5529368,2480.8853713,2540.46756454,2481.32475433,2540.52112427,2481.23928309,2540.64467142,2480.81369308,116,-190.394645107,-75.9832196595,0.0360985736531,False,3.27803964189,127.125571453,-190.15014895,-75.275060082,-189.654701046,-75.8558053436
153,153,R-4C4,144,FTO165,flatNominal,165,165,7.4208667598,14.3484051972,0.0,14.965,0.376,14.9944559022,-0.3748339495,-0.207141401483,0.0265623604273,0.177859997845,-0.181591134844,-1.0,flatNominal,Boss,-4.0,3.0,-179.2,-77.5959,0,0,-1,0,1,0,0,0,0,1,154.128345251,108.600980043,,,,,-190.346568477,-69.247670186,-191.00671715,-69.540533431,-190.938554184,-68.7922199406,113,62.000705719,383,367,5325,5346,1941,1965,5335.34048015,1952.88806309,7.30826950651,8.689884119,0.535531185213,2.45409273713e-05,2.77753400478e-05,1.26125598385e-06,2.9787838459,2.66926980019,1.24107098579,0.13745200634,0.115598358214,-0.0169415008277,377615.21875,378217.6875,17588.4570312,25466.3339844,5335,1953,5335,1953,0,5335.00745594,1952.5763818,5335.1,1952.74,5335.33128914,1952.98325954,2540.7620995,2536.49849241,2540.63967914,2536.93788244,2540.73972801,2536.78565098,2540.85076163,2536.46263344,113,-190.361159455,-69.2554099733,0.016516686502,False,154.238067592,108.547533447,-191.02102016,-69.5489214731,-190.953592218,-68.8005413941
154,154,R-4C5,1308,FTO166,flatNominal,166,166,7.39632960041,14.2924044206,0.0,14.9486234119,0.359940890444,14.9251206598,-0.400201454175,-0.435197838057,0.208085736873,0.235223588673,-0.199632364692,0.0105600007445,flatNominal,ApogeeBoss,-4.0,4.0,-156.8,-77.5959,0,0,-1,0,1,0,0,0,0,1,125.60367465,132.142320871,,,,,-164.908050723,-70.482122546,-165.626551126,-70.6917364282,-165.439323488,-69.9546376728,136,62.000705719,382,366,5238,5260,2132,2155,5248.7493931,2143.26645964,7.52046193096,8.6615869895,0.614479648597,2.89806141489e-05,3.31201596942e-05,1.21371987579e-06,2.98823547363,2.69304609299,1.15957593918,0.13374581933,0.116125412285,-0.0189766809344,346313.1875,346923.5,15626.6357422,22897.2597656,5248,2143,5248,2143,0,5248.50825034,2142.96060286,5248.51,2143.05,5248.735355,2143.36378002,2749.6062317,2525.27001628,2749.44649971,2525.62524,2749.51875198,2525.58090646,2749.69901796,2525.23747347,136,-164.946062297,-70.5054251281,0.0445857613147,False,125.940330581,132.046792843,-165.663674185,-70.7180609367,-165.479550259,-69.980180768
155,155,R-4C7,1339,FTO168,flatNominal,168,168,7.38349017793,14.2992500948,0.0,14.9461164141,0.38158533502,14.9452897649,-0.360693074084,0.00231529247291,-0.181822584218,0.18375365278,-0.0782721044812,0.00716847173395,flatNominal,ApogeeBoss,-4.0,6.0,-112.0,-77.5959,0,0,-1,0,1,0,0,0,0,1,76.5875548124,92.7900230885,,,,,-102.216208333,-65.4461510301,-102.469800276,-64.7392319901,-101.740829269,-64.8791576487,200,62.000705719,414,394,4964,4986,2570,2597,4974.05736284,2583.9377188,7.83530890592,12.282424507,0.307307874277,3.18352541083e-05,4.96336961425e-05,7.05244335081e-07,3.50764298439,2.79538440704,1.50212860107,0.127752751112,0.0814971253276,-0.00639278115705,332271.28125,332872.96875,12289.9238281,17075.9238281,4974,2583,4974,2583,0,4973.69772844,2583.40014173,4973.82,2583.65,4974.12926337,2583.49403475,3267.34974499,2565.12631551,3267.03931872,2565.69373207,3267.20173657,2565.47081194,3266.92307951,2565.26767251,200,-102.191737958,-65.4676774462,0.0325911923243,False,76.4591441261,92.8028636923,-102.443903476,-64.7602483298,-101.715216192,-64.9016440945
156,156,R-4C8,179,FTO169,flatNominal,169,169,7.43427103804,14.3204667032,0.0,14.965,0.376,14.9655513466,-0.3748339495,-0.336135627085,0.608026623825,0.158958537551,-0.0918039320443,-1.0,flatNominal,Boss,-4.0,7.0,-89.6,-77.5959,0,0,-1,0,1,0,0,0,0,1,108.014434576,83.2862269878,,,,,-85.4814139635,-61.4679244228,-85.9790693781,-60.9119223913,-85.2436093891,-60.7607584795,217,62.000705719,414,395,4871,4892,2677,2704,4881.35067578,2691.77842109,7.60824251267,15.0395597141,0.317833378716,3.89924051238e-05,6.84004945968e-05,7.02273791833e-07,3.87983608246,2.75584363937,1.52813076973,0.131552532315,0.0665500611067,-0.00556024070829,291178.84375,291763.78125,10811.1142578,16186.4267578,4881,2691,4881,2691,0,4881.13166929,2691.05204302,4881.18,2691.48,4881.36650765,2691.17425249,3405.83277013,2597.47749234,3405.28991749,2598.00749229,3405.64798339,2597.76280749,3405.28971912,2597.74275815,217,-85.4588328687,-61.5217531456,0.0583732579769,False,107.570768192,83.7081993044,-85.956277727,-60.9655627253,-85.2207605551,-60.8146772937
157,157,R-4C9,71,FTO170,flatNominal,170,170,7.41646987101,14.3311204258,0.0,14.9781199927,0.35622919633,14.9691647687,-0.382445568031,-0.429169237019,0.091433322891,0.190719689214,-0.0910311569429,0.00703590112665,flatNominal,ApogeeBoss,-4.0,8.0,-67.2,-77.5959,0,0,-1,0,1,0,0,0,0,1,237.107663155,100.116401911,,,,,-79.1140180371,-86.8932127848,-79.0403680557,-87.6281164249,-79.7162323832,-87.3299084196,239,62.000705719,397,380,5034,5053,2822,2848,5043.53039521,2835.92051923,6.47850942432,17.2284472053,0.124075745796,3.56655106055e-05,7.44076996588e-05,8.57911754431e-07,4.15088891983,2.54501032829,1.55925643444,0.154377788305,0.0580515414476,-0.00222359434702,279029.4375,279777.375,9805.78613281,14916.5986328,5043,2835,5043,2835,0,5043.24809152,2835.33694284,5043.33,2835.7,5043.68052878,2835.63734643,3458.67238953,2387.03229646,3458.28542485,2387.55240712,3458.56569452,2387.31162577,3458.35188679,2387.03007859,239,-79.0491707537,-86.9202461082,0.0702564640244,False,237.104357632,100.400280493,-78.9719229027,-87.65478028,-79.6492394226,-87.359885493
158,158,R-4C10,918,FTO171,flatNominal,171,171,7.36658561367,14.3310592972,0.0,14.965,0.376,14.976510213,-0.3748339495,0.27698762307,0.0293804110299,0.162178736818,-0.162331163026,-1.0,flatNominal,Boss,-4.0,9.0,-44.8,-77.5959,0,0,-1,0,1,0,0,0,0,1,98.5669755936,130.103863478,,,,,-48.4953757284,-67.2191872012,-49.2204424242,-67.0867670314,-48.7363095104,-66.5127466254,260,62.000705719,416,401,4774,4793,2972,3000,4782.77438229,2985.33447103,6.97081830702,17.9979131326,0.347231137656,3.75919752713e-05,7.9172521673e-05,7.90423954455e-07,4.24368190765,2.63816142082,1.53934895992,0.143593177199,0.0556154437363,-0.00554064475,283606.0625,284301.25,9488.97363281,13262.4150391,4783,2985,4782,2985,0,4782.32522403,2984.88860937,4782.6,2984.95,4782.66375385,2985.42339661,3711.70791648,2549.17806227,3711.52020311,2549.78246236,3711.44749595,2549.50872922,3711.83791211,2549.2350495,260,-48.531471209,-67.2541561555,0.0502564570888,False,98.6115275575,130.274262534,-49.257029589,-67.1244570736,-48.7750535738,-66.5486244369
159,159,R-4C11,1324,FTO172,flatNominal,172,172,7.41897972476,14.3095294312,0.0,14.965,0.376,14.9542358839,-0.3748339495,-0.0735708499212,1.97060808432,0.122741771716,-0.133366386445,-1.0,flatNominal,Boss,-4.0,10.0,-22.4,-77.5959,0,0,-1,0,1,0,0,0,0,1,141.994975805,33.7055236101,,,,,-17.3579355775,-57.5817252421,-17.7061286695,-56.9110694159,-16.9564058982,-56.9532979858,295,62.000705719,403,381,4582,4604,3165,3193,4592.74293808,3177.29903394,7.68199700214,13.210264867,0.345685375547,3.32605412702e-05,5.48285956708e-05,8.55099613183e-09,3.63755369186,2.76775455475,1.50858879089,0.130327954888,0.0757879540324,-0.00682082725689,316323.59375,317013.5625,12610.6796875,18282.9921875,4592,3177,4592,3177,0,4592.60811728,3177.23973127,4592.57,3177.07,4592.60210536,3177.73228868,3969.77853862,2628.93956417,3969.78828043,2629.08652863,3969.65419348,2629.19686646,3970.22782318,2628.86415256,295,-17.3984471543,-57.5745831312,0.0411363294482,False,142.067554105,33.7656300253,-17.748192406,-56.9047354429,-16.9983738528,-56.9452277043
160,160,R-4C12,140,FTO173,flatNominal,173,173,7.40075151849,14.3709956641,0.0,14.965,0.376,15.0178275059,-0.3748339495,0.578793763836,5.87473816634,0.170835662872,-0.15390863894,-1.0,flatNominal,Boss,-4.0,11.0,0.0,-77.5959,0,0,-1,0,1,0,0,0,0,1,0.221844501793,91.2332367897,,,,,14.1838145319,-83.189409806,14.7204340319,-82.7352549169,14.8760689154,-83.4716788085,342,62.000705719,389,370,4649,4672,3496,3519,4660.1089827,3507.61027415,7.99657201406,7.96607682827,0.461385687429,2.64437246415e-05,2.60618883197e-05,7.29111577836e-07,2.90567755699,2.74220466614,0.768880486488,0.12547288835,0.12595321238,-0.0145344808698,382428.59375,382937.3125,18167.5625,26649.2519531,4660,3507,4660,3507,0,4659.8067948,3507.29304505,4659.91,3507.36,4660.22142414,3507.70560746,4231.53109879,2416.50299333,4231.38950354,2416.91760474,4231.40270138,2416.79415877,4231.56365215,2416.35921644,342,14.2137580014,-83.1552102508,0.0454557030469,False,0.490185245723,91.1003018709,14.7493027098,-82.6997884504,14.9066775311,-83.4358424774
161,161,R-4C13,1207,FTO174,flatNominal,174,174,7.35862913871,14.3270045143,0.0,14.965,0.376,14.9723152231,-0.3748339495,-0.523397992629,-0.0380356141226,0.157239176253,-0.239509210647,-1.0,flatNominal,Boss,-4.0,12.0,22.4,-77.5959,0,0,-1,0,1,0,0,0,0,1,356.348032951,86.3481080532,,,,,35.8169373233,-87.052809524,36.5003844281,-86.7676529097,36.4048833286,-87.5124244667,371,62.000705719,405,384,4595,4617,3671,3695,4605.75909372,3681.60691418,7.81617807435,9.0869791434,0.360553304358,2.74902856193e-05,3.34639757395e-05,4.88765685515e-07,3.03020596504,2.77867031097,1.31272828579,0.128174364567,0.110249362886,-0.010171408765,371175.875,371797.5,16320.2373047,24197.4882812,4606,3681,4605,3681,0,4605.27805918,3681.054835,4605.59,3681.22,4605.91888784,3681.4298638,4410.94414576,2384.25861792,4410.67698282,2384.94038739,4410.68169471,2384.58852027,4410.71327851,2384.19877389,371,35.8523646187,-87.0173697737,0.0501105694017,False,356.584434274,86.2634261297,36.5350542327,-86.7304043912,36.4415256231,-87.475426224
162,162,R-4C14,275,FTO175,flatNominal,175,175,7.39439963372,14.3458203181,0.0,14.965,0.376,14.9917816429,-0.3748339495,-0.486099224637,-0.483155912393,0.188152936274,-0.173562976345,-1.0,flatNominal,Boss,-4.0,13.0,44.8,-77.5959,0,0,-1,0,1,0,0,0,0,1,131.619826555,63.8703972101,,,,,46.5987343084,-59.0323218155,46.0794956884,-58.5271973419,46.7996298793,-58.3130113872,362,62.000705719,409,394,4348,4371,3644,3667,4358.91072613,3654.13998548,7.87491894034,9.1291539245,0.150234746161,2.50898692682e-05,2.75839279019e-05,1.68981727664e-07,3.02438402176,2.80306529999,1.45323002338,0.127025321126,0.109573580325,-0.00418080715463,401936.375,402593.09375,17648.7851562,25055.2832031,4359,3654,4359,3654,0,4358.61727978,3653.58514739,4358.75,3653.79,4359.06972034,3653.80016649,4500.70535542,2615.84331948,4500.34902493,2616.36002505,4500.4689003,2616.14675218,4500.33052679,2615.85943191,362,46.6225607497,-59.0500139794,0.0296767917044,False,131.419805041,64.0420381998,46.1035723985,-58.5446323714,46.8238125946,-58.3308031496
163,163,R-4C15,523,FTO176,flatNominal,176,176,7.4246042541,14.3651697376,0.0,15.0068829058,0.367867930124,15.0041208988,-0.384421157373,-0.946636800883,2.32998692951,0.211117104347,-0.174052533306,0.0118418192595,flatNominal,ApogeeBoss,-4.0,14.0,67.2,-77.5959,0,0,-1,0,1,0,0,0,0,1,280.404052734,108.917094469,,,,,67.0372636441,-91.3783355175,67.6812263997,-91.7422511308,67.0329887588,-92.1240029621,403,62.000705719,397,375,4507,4530,3918,3940,4518.22422651,3927.63456165,8.09482355035,8.59909103178,0.00218199495067,2.71890512935e-05,2.74390801301e-05,-5.70986988355e-07,2.93242239952,2.84513878822,1.56646943092,0.123535744846,0.116291366518,-6.26936889603e-05,383868.125,384415.25,17953.2792969,26994.5292969,4518,3927,4518,3927,0,4518.00815739,3927.14779208,4518.06,3927.27,4518.45576766,3927.41338977,4669.57022144,2348.14062689,4669.23847795,2348.55725231,4669.31980799,2348.45466758,4669.26706219,2348.03756006,403,67.0896782603,-91.3584585351,0.0560569926387,False,280.485124764,109.071410964,67.7351306536,-91.7197254895,67.0884668316,-92.1041372495
164,164,R-4C16,1334,FTO177,flatNominal,177,177,7.36037005246,14.2976034833,0.0,14.965,0.376,14.9418975587,-0.3748339495,-0.490098421674,0.57000309804,0.205671940422,-0.103842531132,-1.0,flatNominal,Boss,-4.0,15.0,89.6,-77.5959,0,0,-1,0,1,0,0,0,0,1,356.08828783,77.6432132721,,,,,102.661937262,-89.1264022523,103.407699752,-88.9513810577,103.176180884,-89.6660028849,442,62.000705719,386,364,4355,4376,4170,4194,4365.67915806,4180.23214326,7.4234067321,8.82477021954,0.20214952817,2.58625645529e-05,3.06691696199e-05,-1.18246416199e-07,2.9754576683,2.71934342384,1.43035781384,0.134793117642,0.113388128579,-0.00617542816326,367019.25,367502.59375,16184.484375,22492.234375,4366,4180,4366,4180,0,4365.28190189,4179.63039426,4365.54,4179.82,4365.77253837,4180.12950379,4964.07594164,2366.6316224,4963.72600483,2367.26206553,4963.77300224,2366.95195728,4963.94175927,2366.59626939,442,102.680099547,-89.1148909965,0.0215029668836,False,356.201538908,77.5825892312,103.425700963,-88.9391848816,103.194838583,-89.654019061
165,165,R-4C17,690,FTO178,flatNominal,178,178,7.37210112598,14.333372003,0.0,14.9764117036,0.368505693692,14.9798602244,-0.36977255237,-0.529412014782,0.262554562776,0.148912439078,-0.0991506106272,0.0142472598499,flatNominal,ApogeeBoss,-4.0,16.0,112.0,-77.5959,0,0,-1,0,1,0,0,0,0,1,106.934459209,120.51707983,,,,,108.45860662,-65.921243324,107.736455745,-65.754526146,108.235687632,-65.2106197346,436,62.000705719,423,395,4162,4185,4124,4147,4173.28849448,4134.38698113,8.26327312777,8.94849308633,0.26873685991,2.70544671884e-05,2.98905590149e-05,2.39100726399e-07,3.00687789917,2.85840010643,1.23822402954,0.121135734022,0.11185991019,-0.00727578066289,399514.71875,399894.6875,18622.796875,28370.171875,4173,4134,4173,4134,0,4173.09298732,4133.8793186,4173.16,4134.02,4173.30821047,4134.23593431,5012.36515092,2558.42343293,5012.00537541,2558.83148423,5012.10111827,2558.71077516,5012.22209917,2558.47577849,436,108.450457765,-65.936408224,0.0172156331397,False,106.895352333,120.612493758,107.728143399,-65.7704008154,108.226840524,-65.22600405
166,166,R-4C19,943,FTO180,flatNominal,180,180,7.4052198744,14.3352499911,0.0,14.9722824297,0.367814602091,14.9774694615,-0.36998647375,-0.121796280795,2.42710916679,0.234372015816,0.0518065179265,0.0186680119536,flatNominal,ApogeeBoss,-4.0,18.0,156.8,-77.5959,0,0,-1,0,1,0,0,0,0,1,282.662558556,61.8740880489,,,,,146.360016877,-93.3970884773,146.573162147,-94.1011247002,145.853550631,-93.9382241176,476,62.000705719,398,379,4219,4241,4505,4528,4230.24976861,4515.73530434,7.82009586719,8.70528540101,0.0169759949674,2.63853496997e-05,2.96559253253e-05,-6.57121150711e-07,2.95052719116,2.79638528824,1.55162787437,0.127876207232,0.114873230457,-0.000498737441376,380264.71875,380821.625,18259.3652344,27528.9277344,4230,4515,4230,4515,0,4230.04221659,4515.21157065,4230.11,4515.31,4230.27499393,4515.81889015,5324.18369703,2331.61883714,5323.81523908,2332.04499856,5323.87069491,2331.94255174,5324.24615319,2331.55782787,476,146.339426837,-93.3763448309,0.0292275314028,False,282.529528546,61.9378379524,146.551720655,-94.0806382671,145.832306639,-93.916867674
167,167,R-4C20,842,FTO181,flatNominal,181,181,7.42865653799,14.3109776594,0.0,14.965,0.376,14.9557341892,-0.3748339495,-0.537781380947,0.527168651889,0.219586165932,-0.121700982891,-1.0,flatNominal,Boss,-4.0,19.0,179.2,-77.5959,0,0,-1,0,1,0,0,0,0,1,137.722764015,47.5460600853,,,,,182.815543566,-58.1154278605,182.381188408,-57.4986160431,183.129711859,-57.4390331858,491,62.000705719,362,340,3822,3843,4639,4660,3832.56502681,4647.98591918,7.12762405322,7.69175520811,0.236722313781,2.5194381519e-05,2.71013929346e-05,4.10072366644e-07,2.78889346123,2.65357351303,1.22168767452,0.140442758799,0.130142360926,-0.00864456407726,358749.96875,359206.59375,16653.2324219,24823.8574219,3832,4647,3832,4647,0,3832.4222762,4647.49266502,3832.45,4647.54,3832.56316759,4647.99267243,5625.30155979,2623.11739927,5624.93017143,2623.47200903,5624.95887636,2623.42776071,5625.30840757,2623.11592588,491,182.796080997,-58.1184836693,0.0197010042333,False,137.709866765,47.6421442584,182.360830756,-57.5023031358,183.109266912,-57.4416335713
168,168,R-4C21,610,FTO182,flatNominal,182,182,7.41510427446,14.3296955944,0.0,14.9838528132,0.34710724165,14.98479445,-0.393616108354,-1.0301864784,3.65237517342,0.088691728314,-0.0605169437877,0.018200359705,flatNominal,ApogeeBoss,-4.0,20.0,201.6,-77.5959,0,0,-1,0,1,0,0,0,0,1,265.448763371,16.3415931165,,,,,180.280812643,-80.5300863766,179.733638283,-81.0290907092,179.54835879,-80.3119132715,502,62.000705719,385,365,3996,4018,4704,4727,4006.72195832,4714.58398935,7.65275085426,7.9437499446,0.0994016190498,2.59469629295e-05,2.71282973685e-05,-5.16270787381e-07,2.82390904427,2.76080393791,1.27112412453,0.130693212152,0.125905588269,-0.00327077670954,377523.375,378068.1875,17772.7363281,25754.6738281,4007,4714,4006,4714,0,4006.31997927,4714.02017698,4006.58,4714.16,4006.73381808,4714.68680173,5603.84386322,2437.89994058,5603.52974917,2438.51703369,5603.53195546,2438.21952989,5603.92954692,2437.84189454,502,180.285579947,-80.5444269598,0.0151122307295,False,265.425349509,16.4366709763,179.739030156,-81.0441152927,179.552853782,-80.3271701585
169,169,R-4C22,1232,FTO183,flatNominal,183,183,7.38411894516,14.3149083104,0.0,14.965,0.376,14.9598007548,-0.3748339495,0.793445029149,4.05945379418,0.126761055532,-0.124861821556,-1.0,flatNominal,Boss,-4.0,21.0,224.0,-77.5959,0,0,-1,0,1,0,0,0,0,1,214.872364998,119.267245531,,,,,214.438028048,-85.0870169181,214.5559853,-85.8286915716,213.856920482,-85.5546714396,526,62.000705719,359,335,3900,3921,4971,4992,3910.44959808,4979.90126662,7.41624813767,7.6881661504,0.167792863289,2.58516632328e-05,2.79741933707e-05,-2.50946470423e-08,2.78714346886,2.70855045319,1.1258867979,0.134905681014,0.130134284496,-0.00588858546689,350311.9375,350799.6875,16936.9296875,25505.4921875,3910,4979,3910,4979,0,3910.28129863,4979.38249293,3910.33,4979.45,3910.41564782,4980.0315832,5883.61385771,2400.61220594,5883.23165163,2401.0012681,5883.26614074,2400.93047902,5883.74510785,2400.58206577,526,214.457095428,-85.1262534914,0.0436242325107,False,215.149456579,119.195938906,214.57771573,-85.867499704,213.877671246,-85.5959921126
170,170,R-4C23,1058,FTO184,flatNominal,184,184,7.3875765973,14.3116320751,0.0,14.9542167965,0.39193759447,14.9605454383,-0.38000415842,-0.431524963585,-0.394861294023,0.0642415261206,-0.183093037084,0.0206970269827,flatNominal,ApogeeBoss,-4.0,22.0,246.4,-77.5959,0,0,-1,0,1,0,0,0,0,1,186.45652771,135.274475813,,,,,236.416383823,-81.4205905127,236.315343054,-82.1664597808,235.712250273,-81.6845747118,546,62.000705719,356,334,3790,3811,5116,5136,3800.26516143,5124.9245617,7.18803249152,7.40663736144,0.0453679403987,2.42590018011e-05,2.41599088391e-05,-1.86475241137e-07,2.72317433357,2.67936396599,1.37408220768,0.13912551105,0.135019257665,-0.00170437339693,365128.5,365550.40625,18131.7539062,26635.1933594,3800,5124,3800,5124,0,3800.13553573,5124.43635872,3800.18,5124.48,3800.21522715,5124.95925798,6063.14753723,2431.27201862,6062.7745603,2431.61265507,6062.79555887,2431.55329219,6063.2013877,2431.30025672,546,236.438239504,-81.4608099492,0.0457741617677,False,186.648367533,135.321839971,236.340313534,-82.2070945507,235.735214195,-81.7277315242
171,171,R-3C1,1203,FTO185,flatNominal,185,185,7.38022825302,14.3329227045,0.0,14.9605175961,0.380074104915,14.9649697136,-0.380940369616,0.167657712427,1.34301689418,0.213199461953,-0.192949191506,0.0173791392381,flatNominal,ApogeeBoss,-3.0,0.0,-257.6,-58.1969,0,0,-1,0,1,0,0,0,0,1,254.866826534,70.712685585,,,,,-272.710189058,-68.5371197437,-272.732090409,-69.2705036842,-273.373401388,-68.8607683059,49,62.000705719,355,338,5628,5648,1342,1365,5637.23601914,1353.78156588,6.91156004614,8.17952340606,0.627606550689,2.87879589488e-05,3.2096578664e-05,1.52566116426e-06,2.9047601223,2.57942867279,1.18062388897,0.145700290799,0.123114295304,-0.0223588719964,325255.25,325859.125,15648.8720703,22458.1210938,5637,1354,5637,1354,0,5636.76580524,1353.56340855,5636.92,1353.71,5637.24360498,1353.83946967,1869.9538842,2545.76400646,1869.97781612,2546.28181047,1870.0386511,2546.08069523,1870.00172211,2545.73051124,49,-272.647550151,-68.5486722223,0.0636953091512,False,254.669624249,71.1763142918,-272.666041029,-69.2821500752,-273.309250345,-68.8754012238
172,172,R-3C2,1378,FTO186,flatNominal,186,186,7.38351273151,14.3041153011,0.0,14.965,0.376,14.9486345431,-0.3748339495,0.274119567726,-0.100397871081,0.197610176896,-0.20606876192,-1.0,flatNominal,Boss,-3.0,1.0,-235.2,-58.1969,0,0,-1,0,1,0,0,0,0,1,199.690954685,127.12542057,,,,,-245.719801955,-63.4498334797,-245.76453662,-64.208874582,-246.385252626,-63.7861085859,65,62.000705719,362,344,5490,5511,1518,1540,5500.08066549,1528.7995102,6.88706046714,8.28786627325,0.591811147569,2.60393875188e-05,3.0888417543e-05,1.85480104976e-06,2.91623353958,2.58273291588,1.22001647949,0.146096289158,0.121403254569,-0.0208645761013,342663.5625,343243.6875,16358.0429688,23492.3554688,5500,1529,5500,1529,0,5499.6314441,1528.51555505,5499.8,1528.67,5500.13436283,1528.8690823,2088.55312863,2586.47324626,2088.50901117,2587.00285369,2088.56562312,2586.78016741,2088.58999599,2586.39346857,65,-245.700251416,-63.4555869679,0.0203795530413,False,199.634383549,127.242620866,-245.744182855,-64.2146749825,-246.365345876,-63.7925660513
173,173,R-3C3,147,FTO187,flatNominal,187,187,7.42516851674,14.3485239039,0.0,14.9984272537,0.359967740232,15.011322968,-0.397896575348,-1.25354584724,0.85702805298,0.182751213035,-0.173663382301,0.0366515218635,flatNominal,ApogeeBoss,-3.0,2.0,-212.8,-58.1969,0,0,-1,0,1,0,0,0,0,1,289.342825413,18.0215129256,,,,,-231.495923093,-69.3138754103,-231.798706075,-69.9923100824,-232.264763531,-69.3945517131,74,62.000705719,378,361,5480,5501,1643,1666,5489.81679063,1654.08682231,7.18964941526,8.41472589111,0.545522361969,2.62255124961e-05,2.96880218013e-05,1.55646585367e-06,2.93639755249,2.64233708382,1.20699954033,0.139776408672,0.119426742196,-0.0181232653558,361165.6875,361741.75,16618.9824219,23793.9179688,5489,1654,5489,1654,0,5489.55729431,1653.86566889,5489.54,1653.95,5489.85936459,1654.11924093,2204.3935887,2537.65475064,2204.31745015,2537.98709097,2204.3965812,2537.96474478,2204.40265339,2537.60201223,74,-231.485794382,-69.3074232561,0.0120092080091,False,289.060381772,18.445875349,-231.786895988,-69.9866058246,-232.25443263,-69.3900036889
174,174,R-3C5,1167,FTO189,flatNominal,189,189,7.39276611971,14.337250146,0.0,14.9761829585,0.373250836733,14.9754455871,-0.380067449969,-0.581148079323,0.0145998850889,0.235648317815,-0.237635621971,0.0112810134528,flatNominal,ApogeeBoss,-3.0,4.0,-168.0,-58.1969,0,0,-1,0,1,0,0,0,0,1,236.237297058,74.1053795815,,,,,-185.360492635,-63.4346819767,-185.61274256,-64.130326499,-186.094141019,-63.5508918539,114,62.000705719,372,358,5264,5285,1956,1979,5274.07159023,1967.0534672,7.37434000801,8.61803349764,0.531983706687,2.96033190527e-05,3.39355721452e-05,1.57531472917e-06,2.96892881393,2.67914819717,1.21695995331,0.136211931705,0.116554789245,-0.0168164875358,333549.625,334189.71875,15576.6132812,22661.3632812,5274,1967,5274,1967,0,5273.67041174,1966.78652065,5273.82,1966.89,5274.02795023,1967.15875828,2581.64725403,2584.27861049,2581.59600852,2584.75775404,2581.62309184,2584.57843904,2581.76079293,2584.26863164,114,-185.374269876,-63.4479702601,0.0191413385274,False,236.391184945,73.9352647651,-185.626716806,-64.143543314,-186.107951143,-63.5639723537
175,175,R-3C6,1172,FTO190,flatNominal,190,190,7.36457962717,14.3282287879,0.0,14.965,0.376,14.9735818299,-0.3748339495,-0.305611501382,-0.0628393219206,0.0729185438926,-0.100187138135,-1.0,flatNominal,Boss,-3.0,5.0,-145.6,-58.1969,0,0,-1,0,1,0,0,0,0,1,139.686849117,18.646671474,,,,,-135.530130674,-39.3980466026,-135.63976728,-38.6667235609,-134.940558107,-38.9404602968,151,62.000705719,392,377,4899,4921,2228,2251,4909.44849338,2239.09601332,7.9351551609,8.60548314229,0.475712552875,2.91820227226e-05,2.99262169314e-05,2.26409711896e-06,2.97527217865,2.77279520035,1.09228527546,0.126440510154,0.116591371596,-0.0139793055132,363987.59375,364608.125,16922.2148438,25244.2753906,4909,2239,4909,2239,0,4909.13871159,2238.76322403,4909.21,2238.86,4909.47046899,2239.10827018,2991.43801409,2781.83539378,2991.28613185,2782.2639323,2991.34192619,2782.1550435,2991.43872335,2781.81024115,151,-135.601639442,-39.3962433369,0.0715315013881,False,139.098072521,19.7895703404,-135.718343624,-38.6660148039,-135.016519814,-38.9329766113
176,176,R-3C7,1121,FTO191,flatNominal,191,191,7.41190714906,14.3368768999,0.0,14.9831734025,0.370891948109,14.9719931802,-0.379137045988,-1.08131469835,0.537674607378,0.143192946517,-0.137992791471,0.0103684227045,flatNominal,ApogeeBoss,-3.0,6.0,-123.2,-58.1969,0,0,-1,0,1,0,0,0,0,1,85.2997881174,42.2900515795,,,,,-104.520810142,-50.4493576844,-104.228415714,-49.7639632689,-103.785477644,-50.3693345232,190,62.000705719,413,395,4861,4884,2495,2522,4872.39166915,2509.26887589,7.80336385424,11.0557443252,0.259236925535,3.16877990342e-05,4.59782042396e-05,1.56160303813e-06,3.32810425758,2.78977251053,1.49175453186,0.128249764442,0.0905212312937,-0.0060144434683,339660.4375,340265.53125,14335.6132812,20128.2382812,4872,2509,4872,2509,0,4872.2263078,2508.74886713,4872.27,2508.99,4872.40046645,2508.82283716,3248.13851606,2689.79498863,3247.75385654,2690.18201647,3247.949905,2690.0343654,3247.73893496,2689.99338947,190,-104.529483397,-50.4345487761,0.017161850686,False,85.3226145042,42.3266874005,-104.237800436,-49.7488512795,-103.794234344,-50.3537625217
177,177,R-3C8,1351,FTO192,flatNominal,192,192,7.3933768902,14.2840122438,0.0,14.965,0.376,14.9278363592,-0.3748339495,0.10848916972,-0.128613116497,0.14946579217,-0.205292542886,-1.0,flatNominal,Boss,-3.0,7.0,-100.8,-58.1969,0,0,-1,0,1,0,0,0,0,1,281.29212141,79.1274565458,,,,,-108.153206924,-74.0914633408,-107.772468398,-74.7698131762,-108.523543195,-74.737885051,199,62.000705719,406,388,5049,5071,2559,2587,5059.96566025,2573.43934632,7.50327103898,12.1622709895,0.512309444349,2.9181201007e-05,4.54700420158e-05,2.39541676493e-06,3.49541711807,2.72902941704,1.46255815029,0.133659616113,0.0824586451054,-0.011260246858,342288.03125,342879.75,13587.4179688,18622.2929688,5060,2573,5060,2573,0,5059.53502009,2572.89241944,5059.74,2573.19,5060.08456256,2573.02194549,3218.32555956,2493.80254226,3218.0396682,2494.43724384,3218.20405437,2494.11901047,3217.9004714,2493.89007095,199,-108.115607327,-74.1048590606,0.0399145966102,False,281.400298457,79.1589833978,-107.733215919,-74.7822785283,-108.484366333,-74.7521818366
178,178,R-3C9,1078,FTO193,flatNominal,193,193,7.34108049952,14.3322536664,0.0,14.9717458498,0.36708864527,14.9709211558,-0.381093359604,0.245564778085,0.874504654301,0.200803518574,-0.241001736536,0.00897169379153,flatNominal,ApogeeBoss,-3.0,8.0,-78.4,-58.1969,0,0,-1,0,1,0,0,0,0,1,63.0802559853,30.8264753222,,,,,-57.8040753836,-60.4374179343,-57.199207738,-60.0157077762,-57.1344722702,-60.7610844003,245,62.000705719,418,392,4759,4778,2877,2905,4768.02649322,2891.06036507,6.88490305455,18.8008134902,0.496675125292,3.88269131942e-05,8.6775343545e-05,2.49197914469e-06,4.3383731842,2.61996889114,1.52921080589,0.145522654057,0.0532907471061,-0.00768876168877,276537.4375,277104.0625,9194.62304688,12931.8095703,4768,2891,4768,2891,0,4767.72543246,2890.50312786,4767.86,2890.86,4767.91373316,2890.8789053,3634.93049488,2605.8378789,3634.57555714,2606.36244548,3634.83209059,2606.07544602,3634.82171824,2606.02175418,245,-57.7849804226,-60.4492214311,0.0224486096026,False,63.3493871562,30.3861966071,-57.178855792,-60.0293199447,-57.1163471153,-60.7748866137
179,179,R-3C10,1083,FTO194,flatNominal,194,194,7.37528851779,14.3205753729,0.0,14.965,0.376,14.9656637739,-0.3748339495,-0.575460911424,-0.191831277735,0.199456530503,-0.342945928375,-1.0,flatNominal,Boss,-3.0,9.0,-56.0,-58.1969,0,0,-1,0,1,0,0,0,0,1,105.532844067,15.9210321307,,,,,-36.902255537,-49.1844059021,-36.5399569639,-48.532179834,-36.1562043629,-49.1775371006,263,62.000705719,409,386,4596,4615,2989,3016,4605.44487424,3001.62541331,6.45620824588,17.9643873537,0.0555607335591,3.38306350029e-05,7.62024138873e-05,-4.0540575564e-07,4.23847341537,2.54085421562,1.56596851349,0.154893800616,0.0556671693921,-0.000958119286224,289201.59375,289735.40625,10274.1865234,15280.4365234,4605,3001,4605,3001,0,4605.26100123,3001.17238025,4605.33,3001.23,4605.20140482,3001.67627704,3808.13212378,2698.88952299,3807.81541123,2699.26200304,3807.83126865,2699.17363208,3808.28978076,2699.08189959,263,-36.9266299869,-49.1726989295,0.0270401001276,False,105.114318787,16.6368672462,-36.5677207004,-48.5186016705,-36.1806244992,-49.1619589517
180,180,R-3C11,1330,FTO195,flatNominal,195,195,7.3896401799,14.315973928,0.0,14.9539855386,0.38293191674,14.9599056081,-0.358967776522,-0.399014441315,1.20653814811,0.177743429836,-0.191286486743,0.00840964377265,flatNominal,ApogeeBoss,-3.0,10.0,-33.6,-58.1969,0,0,-1,0,1,0,0,0,0,1,333.352167606,99.6514034271,,,,,-23.4031827543,-68.9474830845,-22.6837063865,-68.7576162249,-22.8848665166,-69.4717484284,294,62.000705719,391,375,4689,4711,3164,3191,4699.30274879,3176.14457086,7.68052890643,13.0781317089,0.599730059552,3.90237781347e-05,6.25831341302e-05,1.42776121632e-06,3.62546062469,2.75947380066,1.46146249771,0.130667254329,0.0767383053899,-0.0119841396809,284203.40625,285017.875,12074.3632812,18283.1132812,4699,3176,4699,3176,0,4699.02638294,3176.06777668,4699.09,3175.92,4699.26259188,3176.61410204,3919.49274236,2534.98391113,3919.55240961,2535.26447351,3919.39086435,2535.2760264,3919.92765223,2534.80245723,294,-23.4434163577,-68.9181110297,0.0498142594661,False,332.982257448,100.052738153,-22.724044233,-68.7278495931,-22.9248126583,-69.442092018
181,181,R-3C12,1328,FTO196,flatNominal,196,196,7.38120252889,14.3212147357,0.0,14.9648065191,0.364956754692,14.9760289008,-0.364127066662,1.26909517383,0.845133232236,0.161271148197,-0.176491119675,0.00702120091143,flatNominal,ApogeeBoss,-3.0,11.0,-11.2,-58.1969,0,0,-1,0,1,0,0,0,0,1,113.565695286,75.2676182985,,,,,-7.39762724208,-41.1974526762,-7.87816694666,-40.6348823171,-7.1644826235,-40.4854037324,299,62.000705719,401,379,4423,4445,3176,3204,4434.1007355,3187.89083423,7.40691916594,12.9563767458,0.414090341492,3.28084216279e-05,5.4641147652e-05,1.09481343197e-06,3.60376262665,2.71591424942,1.49672484398,0.135250553489,0.0773202255368,-0.00864531099796,316227.34375,316813.28125,13725.8310547,20560.3925781,4434,3188,4434,3188,0,4433.87708445,3187.84461255,4433.95,3187.7,4433.84800344,3188.21526255,4052.51011428,2764.71519182,4052.57252115,2764.93487709,4052.41083408,2764.93396915,4052.91463016,2764.78931421,299,-7.44600699586,-41.1868533453,0.0495272287682,False,113.722886853,75.2728542749,-7.92813959548,-40.6256475249,-7.21488189571,-40.4741463231
182,182,R-3C13,1130,FTO197,flatNominal,197,197,7.37732202006,14.3377755908,0.0,14.981577843,0.367391694569,14.9753765157,-0.389963968617,-0.0632888667613,5.53238431202,0.174398424537,-0.36598985682,0.0137341117402,flatNominal,ApogeeBoss,-3.0,12.0,11.2,-58.1969,0,0,-1,0,1,0,0,0,0,1,325.20876646,116.708804369,,,,,20.9407737301,-65.0789088275,21.600657814,-64.7412536884,21.5599309528,-65.4975389387,336,62.000705719,156,145,4495,4509,3477,3495,4501.47992117,3487.8676429,6.91655023877,10.9464120456,5.25854714724,0.000328255028207,0.000552639747738,0.000249747626665,3.81612968445,1.81662237644,0.968356311321,0.227769851685,0.143917620182,-0.218836724758,43916.2226562,44445.421875,1414.62817383,1836.0657959,4502,3489,4502,3489,0,4501.33784911,3488.55094457,4501.49,3488.57,4501.52416056,3487.91725225,4287.35826989,2566.29043478,4288.02985051,2566.1005266,4287.970442,2565.95524244,4287.38180814,2566.2282724,336,21.0013206373,-65.1400133192,0.0860214326188,False,325.788006783,116.054390985,21.6616471625,-64.8032242498,21.6199280772,-65.5594554149
183,183,R-3C14,1358,FTO198,flatNominal,198,198,7.38490432667,14.3272932304,0.0,14.960257221,0.383405345935,14.9698960411,-0.379379999687,-0.399716659921,-0.0239494447904,0.154684803586,-0.254950485477,0.0117114616351,flatNominal,ApogeeBoss,-3.0,13.0,33.6,-58.1969,0,0,-1,0,1,0,0,0,0,1,20.5502030253,131.077548265,,,,,42.7903843568,-52.7288721822,42.7592837016,-51.9894968905,43.4323867294,-52.3484769795,357,62.000705719,417,400,4316,4338,3590,3615,4326.53809986,3601.92870317,7.93637748419,9.41224527722,0.0721904778929,2.75087728888e-05,3.21856855188e-05,-8.12906942408e-07,3.06851243973,2.81653237343,1.5220375061,0.126010864973,0.106251984835,-0.00193296803627,386545.0625,387224.09375,16458.3125,23742.9980469,4326,3601,4326,3601,0,4326.3453705,3601.58026149,4326.38,3601.58,4326.67535827,3601.60290971,4469.37396754,2668.68600171,4469.15409311,2669.01798281,4469.13777764,2668.98866916,4469.02162407,2668.71490391,357,42.8285108327,-52.6794309455,0.0624344780652,False,21.1825819471,130.61950822,42.7951605631,-51.9401537091,43.4693527733,-52.2970840301
184,184,R-3C15,1086,FTO199,flatNominal,199,199,7.36819126888,14.3466986332,0.0,14.965,0.376,14.9926903285,-0.3748339495,0.438081830985,-0.16058889158,0.175557034324,-0.210342909586,-1.0,flatNominal,Boss,-3.0,14.0,56.0,-58.1969,0,0,-1,0,1,0,0,0,0,1,60.9645026922,159.552351236,,,,,52.8856057864,-51.0379535732,52.1969867361,-50.8155206985,52.7473213643,-50.3040031807,365,62.000705719,408,389,4265,4287,3659,3683,4275.54929852,3669.82100821,8.20131625109,9.16634249315,0.0448367912966,2.66461134579e-05,2.886549436e-05,1.72522633766e-07,3.02794003487,2.86343097687,1.52446758747,0.121934905648,0.10909768194,-0.00119287928101,390011.90625,390612.875,16334.9824219,24063.7949219,4275,3669,4275,3669,0,4275.38380471,3669.43857751,4275.41,3669.48,4275.67585964,3669.49184479,4553.1477256,2682.51280198,4552.88512137,2682.83634558,4552.90507831,2682.79457124,4552.79733922,2682.55274766,365,52.9318918892,-51.001297426,0.0590430050099,False,60.9127065111,159.343655338,52.244291231,-50.7757360927,52.7969457495,-50.2667259186
185,185,R-3C16,1113,FTO200,flatNominal,200,200,7.37031168178,14.3365176932,0.0,14.9779163271,0.371360873872,14.9896368904,-0.35493679189,0.656611425947,-1.42394077092,0.191706383611,-0.0201232426551,0.0136524218074,flatNominal,ApogeeBoss,-3.0,15.0,78.4,-58.1969,0,0,-1,0,1,0,0,0,0,1,17.1135462821,24.1628327966,,,,,89.9418362931,-76.3073721417,90.6408153402,-76.5538054954,90.0962220765,-77.0344965064,416,62.000705719,398,377,4308,4331,4028,4051,4319.26165235,4038.8230009,7.78597096865,8.66604078024,0.201484346736,2.83804848627e-05,3.11378790835e-05,2.85700855114e-07,2.95126676559,2.78245139122,1.3561013937,0.128513455391,0.11546241492,-0.00597584294155,367765.84375,368313.6875,17115.6835938,25340.4335938,4319,4038,4319,4038,0,4319.03906858,4038.41361883,4319.11,4038.46,4319.35357535,4038.699746,4860.14337338,2473.16401951,4859.88326309,2473.55064574,4859.89579648,2473.46757709,4859.99158448,2473.13948916,416,90.0739005211,-76.2414829515,0.147588433584,False,17.8446842189,23.6564501848,90.7738408771,-76.4851725168,90.2311374151,-76.9679961111
186,186,R-3C17,256,FTO201,flatNominal,201,201,7.41483848775,14.3091859864,0.0,14.965,0.376,14.9538805634,-0.3748339495,1.46090637548,-0.146998076412,0.201107832242,-0.155680162028,-1.0,flatNominal,Boss,-3.0,16.0,100.8,-58.1969,0,0,-1,0,1,0,0,0,0,1,279.47504282,87.0356923342,,,,,95.3122125048,-73.9806466366,95.7739953383,-74.5791653373,95.0286383023,-74.6703692323,420,62.000705719,408,386,4271,4294,4058,4082,4282.51006866,4068.97076317,7.86899307404,8.80702560513,0.216168124943,2.60121232789e-05,2.9881598091e-05,1.43023315864e-07,2.97564172745,2.79670786858,1.35485696793,0.127166807652,0.113622322679,-0.00624260958284,389554.21875,390086.59375,17208.0664062,25340.5644531,4282,4068,4282,4068,0,4282.31121711,4068.6140661,4282.37,4068.6,4282.59055171,4068.83473646,4903.86626422,2491.81543474,4903.64189979,2492.15666098,4903.59748471,2492.11118998,4903.70843885,2491.80695284,420,95.3508292345,-73.9870351049,0.0391415934451,False,279.565073658,87.0927969744,95.8141475388,-74.5843659758,95.0690271717,-74.6774836437
187,187,R-3C18,791,FTO202,flatNominal,202,202,7.4410870411,14.2854394109,0.0,14.9437943852,0.357432353092,14.922995249,-0.380694302003,9.33646269097,1.10402965239,0.236899498423,-0.0551942628825,0.0170262031064,flatNominal,ApogeeBoss,-3.0,17.0,123.2,-58.1969,0,0,-1,0,1,0,0,0,0,1,113.192278147,136.101315022,,,,,115.361801418,-51.8866525525,114.650285421,-52.1210328945,114.802298208,-51.3984294932,435,62.000705719,379,359,4034,4055,4121,4144,4044.04140245,4131.57580877,7.38677471859,8.2155423659,0.19651209252,2.45664817666e-05,2.76780248143e-05,-4.73872506004e-08,2.87398290634,2.70971226692,1.34938752651,0.135463282466,0.121798016131,-0.00648044189438,374029.90625,374460.71875,18013.3007812,27259.8613281,4044,4131,4044,4131,0,4043.89729654,4131.0931143,4043.97,4131.21,4044.0000769,4131.44394925,5069.62273949,2674.32978323,5069.26134125,2674.68071309,5069.33715224,2674.56281038,5069.52492084,2674.42738571,435,115.334669351,-51.9396115071,0.0595046211291,False,113.389803745,136.207569117,114.624406023,-52.1777609636,114.77258548,-51.4543617574
188,188,R-3C19,1208,FTO203,flatNominal,203,203,7.38373114683,14.3418179988,0.0,14.965,0.376,14.9876409307,-0.3748339495,0.33762485378,-0.0582481217037,0.0693966338258,-0.172100106389,-1.0,flatNominal,Boss,-3.0,18.0,145.6,-58.1969,0,0,-1,0,1,0,0,0,0,1,54.8815315962,42.5012594461,,,,,165.706219889,-60.5660441759,166.273705019,-60.1103113229,166.396253851,-60.8514226609,479,62.000705719,371,355,3905,3926,4522,4544,3915.37652629,4532.34858542,7.44995171688,7.98100559006,0.1740235577,2.51939876227e-05,2.59383421382e-05,1.08506442874e-07,2.8342461586,2.71992754936,1.28071904182,0.134297460318,0.125361338258,-0.00585663598031,370369.6875,370933.4375,17799.4179688,27115.9179688,3915,4532,3915,4532,0,3915.1613948,4531.81020847,3915.24,4531.95,3915.30463663,4532.39969946,5484.47955781,2603.14488903,5484.10161925,2603.58454088,5484.19184249,2603.45162066,5484.55811621,2603.18500568,479,165.677622011,-60.5285970567,0.0471182058518,False,54.6154791992,43.0316768834,166.242998339,-60.0702506648,166.368965372,-60.8107886707
189,189,R-3C20,991,FTO204,flatNominal,204,204,7.41470835702,14.3085900303,0.0,14.9487507051,0.373446047384,14.9519541612,-0.374742021764,0.632232190199,1.16108966946,0.263018467824,-0.0098298938683,0.0167348434543,flatNominal,ApogeeBoss,-3.0,19.0,168.0,-58.1969,0,0,-1,0,1,0,0,0,0,1,135.652452707,130.357890129,,,,,158.816215884,-52.5523365069,158.162213584,-52.9009747589,158.187685962,-52.1532135625,473,62.000705719,353,335,3873,3893,4442,4464,3882.90630124,4451.89443476,7.20252915145,7.9241872898,0.0763096886988,2.58512175105e-05,3.01852084106e-05,-4.13079113939e-07,2.81641054153,2.6822655201,1.46658968925,0.138854280114,0.126208782196,-0.0026743253693,337322.59375,337856.15625,15493.4941406,21141.4941406,3883,4451,3883,4451,0,3882.65784485,4451.50368137,3882.78,4451.51,3882.85879426,4451.8606655,5428.14960338,2669.13066104,5427.91797242,2669.53161725,5427.86987601,2669.41669695,5428.14162156,2669.18839809,473,158.804407625,-52.5490658388,0.0122528470347,False,135.775428412,130.265830117,158.150593538,-52.898056927,158.175662435,-52.150282095
190,190,R-3C22,714,FTO206,flatNominal,206,206,7.39349909882,14.2810899484,0.0,14.920123505,0.369919094079,14.9424935934,-0.366304542796,0.206345307567,0.0080703068189,0.11837260179,-0.106588636668,0.0351765065185,flatNominal,ApogeeBoss,-3.0,21.0,212.8,-58.1969,0,0,-1,0,1,0,0,0,0,1,102.386097908,129.459350109,,,,,208.646231045,-47.9228283097,207.914814698,-47.8216643328,208.349830578,-47.2272849517,511,62.000705719,374,355,3649,3671,4788,4809,3659.92442316,4797.0458115,7.52601739437,7.77108957011,0.0988162090088,2.56972382724e-05,2.61898719915e-05,-5.39171422726e-07,2.79391646385,2.73699426651,1.23147308826,0.132894590497,0.128703579307,-0.00337974214926,372016.09375,372494.40625,17216.0917969,24232.4648438,3660,4797,3660,4797,0,3659.68734621,4796.34447634,3659.83,4796.6,3659.8597199,4797.18306021,5837.28778997,2707.29261971,5836.77549742,2707.82706597,5836.93621616,2707.58451268,5837.43940399,2707.28654433,511,208.611497422,-47.9406515637,0.0390396332108,False,102.551718365,129.490209146,207.879738463,-47.8419963599,208.312713535,-47.246128714
191,191,R-3C23,1326,FTO207,flatNominal,207,207,7.38359734196,14.3176837635,0.0,14.965,0.376,14.962672178,-0.3748339495,-0.398745226176,1.28054110603,0.0498551721163,-0.161682820864,-1.0,flatNominal,Boss,-3.0,22.0,235.2,-58.1969,0,0,-1,0,1,0,0,0,0,1,182.31972456,60.256780386,,,,,221.98207633,-44.4694644269,221.234965918,-44.5165849323,221.572557822,-43.8459220178,519,62.000705719,356,342,3573,3594,4872,4893,3584.14904844,4881.09153992,7.26133657543,7.48398791265,0.182305101337,2.69605475281e-05,2.66661436804e-05,4.73974974339e-07,2.75431847572,2.67564082146,1.05950713158,0.137799963355,0.133700370789,-0.00671343598515,348646.34375,349193.53125,16517.2304688,23911.6054688,3584,4881,3584,4881,0,3584.01726459,4880.37999249,3584.09,4880.64,3584.22253682,4881.116359,5946.84392607,2735.63066699,5946.27390152,2736.07646822,5946.4731696,2735.89596015,5946.83196045,2735.55402918,519,221.992908668,-44.5163086768,0.0480803837695,False,182.050646221,60.7400374881,221.245979617,-44.5662216384,221.581062147,-43.894301452
192,192,R-3C24,107,FTO208,flatNominal,208,208,7.41927467696,14.3160801351,0.0,14.9560044194,0.356221159962,14.9441579016,-0.386380290028,0.233627726759,-0.00266554399619,0.0650722629514,-0.204998928667,0.0229030772297,flatNominal,ApogeeBoss,-3.0,23.0,257.6,-58.1969,0,0,-1,0,1,0,0,0,0,1,199.713377953,94.8032677174,,,,,241.862608521,-57.2808140853,241.430576417,-57.8722063958,241.130465786,-57.1928457677,540,62.000705719,344,330,3592,3614,5064,5085,3602.59189179,5073.23049438,7.13169398932,7.34763353615,0.185160287083,2.69068508748e-05,2.70315904484e-05,-1.36957300613e-07,2.73020219803,2.65053272247,1.04935395718,0.140310943127,0.13618734479,-0.00707166828215,334670.1875,335237.03125,15911.2949219,23001.296875,3602,5073,3602,5073,0,3602.4623047,5072.62916433,3602.49,5072.8,3602.56258409,5073.29551581,6108.69249429,2630.45197497,6108.21918681,2630.84487529,6108.3573051,2630.73751509,6108.7636993,2630.44790376,540,241.898507505,-57.2875411896,0.0365238408956,False,199.482598343,95.1083941522,241.467243153,-57.8794936055,241.166251239,-57.2005229718
193,193,R-2C1,650,FTO209,flatNominal,209,209,7.45326026121,14.3370237035,0.0,14.9753017642,0.39233842117,14.989057705,-0.363891561844,0.116470886183,-0.195431969942,0.165572273067,0.00303626954947,0.019607146723,flatNominal,ApogeeBoss,-2.0,0.0,-268.8,-38.7979,0,0,-1,0,1,0,0,0,0,1,1.9027178362,55.1381546259,,,,,-256.515507807,-54.2285989497,-255.766532486,-54.2476853122,-256.167294661,-54.8891388902,52,62.000705719,371,358,5462,5484,1404,1428,5472.71536262,1415.71530756,7.05097765586,8.41671370648,0.478747787714,2.74371614896e-05,3.05281858459e-05,1.09298046186e-06,2.92708325386,2.62676119804,1.26506984234,0.142374157906,0.119271852076,-0.0161966588348,348132.46875,348734.5,15481.1054688,22317.0410156,5472,1415,5472,1415,0,5472.3925,1415.62137839,5472.45,1415.6,5472.78291795,1415.64709723,2000.92927662,2663.01707192,2000.99524507,2663.34678562,2000.94680779,2663.30862486,2000.83756224,2662.98870217,52,-256.469710603,-54.2170132527,0.047239943575,False,2.20455045535,54.8844520827,-255.720719514,-54.2354704481,-256.120942707,-54.8772604513
194,194,R-2C2,410,FTO210,flatNominal,210,210,7.40832300379,14.3408450765,0.0,14.965,0.376,14.9866343665,-0.3748339495,-0.254390165147,1.10093335962,0.214980674295,-0.169541798113,-1.0,flatNominal,Boss,-2.0,1.0,-246.4,-38.7979,0,0,-1,0,1,0,0,0,0,1,138.408465385,89.0510505438,,,,,-252.335660181,-23.9552802833,-253.051818909,-23.8208851729,-252.568555228,-23.2458409312,45,62.000705719,380,364,5226,5248,1319,1342,5236.33549947,1330.34559067,7.43250428065,8.42216544468,0.534993888397,2.76976983774e-05,2.96259848231e-05,1.65491581598e-06,2.94212245941,2.68301796913,1.15860700607,0.135162159801,0.119279697537,-0.0171715766191,357116.96875,357665.53125,17088.5078125,25366.5703125,5236,1330,5236,1330,0,5235.99708276,1330.1965258,5236.08,1330.25,5236.33563458,1330.30172941,2034.50703704,2912.08726739,2034.53130581,2912.45626228,2034.54108437,2912.35591472,2034.46808166,2912.10742444,45,-252.325903845,-23.9763801533,0.0232463034056,False,138.243600286,89.2525875668,-253.042148444,-23.8424434448,-252.559252917,-23.2670900101
195,195,R-2C3,1276,FTO211,flatNominal,211,211,7.37623147028,14.334952128,0.0,14.9639315378,0.388677787371,14.9953905021,-0.36012752341,-1.65508533818,3.36759799009,0.230227891294,-0.210361686321,0.017167715877,flatNominal,ApogeeBoss,-2.0,2.0,-224.0,-38.7979,0,0,-1,0,1,0,0,0,0,1,74.4596618414,48.256700635,,,,,-205.339953679,-33.1040412703,-205.040905149,-32.4278345729,-204.59159528,-33.0276843049,81,62.000705719,376,364,5116,5138,1694,1716,5126.76583358,1705.37651311,7.3574205945,8.51134709545,0.553273280863,2.78916091468e-05,2.95443374507e-05,1.67970350101e-06,2.95529317856,2.67114400864,1.18857586384,0.136584863067,0.118067361414,-0.0177571792156,353209.53125,353758.0,16086.6103516,23683.4863281,5126,1705,5126,1705,0,5126.51534124,1705.17115323,5126.52,1705.24,5126.75487677,1705.47026802,2417.71025693,2835.87049278,2417.64396043,2836.18754776,2417.70210458,2836.14700244,2417.79845714,2835.836866,81,-205.364734201,-33.0699975456,0.0421075939904,False,74.4484911087,48.4396732603,-205.067714625,-32.3928971898,-204.616608123,-32.9913969676
196,196,R-2C4,415,FTO212,flatNominal,212,212,7.43388446656,14.3757151564,0.0,14.965,0.376,15.0227101896,-0.3748339495,-1.18672558629,-0.918641384126,0.196972478167,-0.187886178202,-1.0,flatNominal,Boss,-2.0,3.0,-201.6,-38.7979,0,0,-1,0,1,0,0,0,0,1,28.4463474154,110.189931393,,,,,-188.493032657,-35.1700388736,-188.360506775,-34.483693831,-187.775889826,-34.9583569837,99,62.000705719,382,359,5068,5089,1824,1848,5078.41993748,1835.92192622,7.23410715046,8.88301938116,0.561914643718,2.78140580715e-05,3.52620631298e-05,1.23192476063e-06,3.00936841965,2.65722179413,1.27167570591,0.138916626573,0.11313020438,-0.0175749454647,344128.84375,344641.90625,16058.2021484,23426.265625,5078,1836,5078,1836,0,5078.07535206,1835.62616661,5078.17,1835.77,5078.39488132,1836.01608338,2555.81835285,2818.38952039,2555.71539534,2818.83180153,2555.80436793,2818.68151833,2555.9134278,2818.36820991,99,-188.518929936,-35.1326010679,0.0455220645488,False,28.5233533077,110.303604032,-188.388688918,-34.445818785,-187.802495545,-34.9185337261
197,197,R-2C5,1143,FTO213,flatNominal,213,213,7.38677275088,14.3341634636,0.0,14.9780131775,0.377399980422,14.9812569851,-0.379506652966,0.26543292578,1.36979696299,0.216051965297,-0.304304767011,0.016400300268,flatNominal,ApogeeBoss,-2.0,4.0,-179.2,-38.7979,0,0,-1,0,1,0,0,0,0,1,26.5515437722,132.305377722,,,,,-171.385128415,-32.0949717976,-171.525859448,-31.3620543563,-170.811319243,-31.6117551178,111,62.000705719,418,396,4981,5004,1937,1961,4991.44349733,1949.06010296,7.96955688258,9.50759107526,0.434329781216,2.92081683304e-05,3.34549947772e-05,1.44490014071e-06,3.10189723969,2.80274534225,1.31373429298,0.125790655613,0.105441622436,-0.0114928437397,376527.375,377122.71875,16893.9472656,24740.4472656,4991,1949,4991,1949,0,4991.09712008,1948.76286154,4991.19,1948.9,4991.43111114,1949.18895748,2696.34971995,2843.21054048,2696.24627684,2843.65509552,2696.32857312,2843.50806224,2696.46970468,2843.16195479,111,-171.416654347,-32.0815519258,0.0342633526962,False,26.5747869026,132.427097321,-171.559239265,-31.3489928903,-170.844069586,-31.5968850128
198,198,R-2C6,1162,FTO214,flatNominal,214,214,7.405849009,14.3230462093,0.0,14.965,0.376,14.9682200472,-0.3748339495,-0.213921204851,-1.19469016933,0.153070409297,0.0525189939465,-1.0,flatNominal,Boss,-2.0,5.0,-156.8,-38.7979,0,0,-1,0,1,0,0,0,0,1,210.892953873,107.086991072,,,,,-170.37254586,-42.9834885947,-170.540794815,-43.7081767748,-171.08828719,-43.1943537626,120,62.000705719,399,387,5057,5079,1986,2011,5067.75946289,1998.33164673,7.58685424938,9.21836640272,0.466095225558,2.6531347685e-05,3.07797817067e-05,1.00815635094e-06,3.05649018288,2.73186516762,1.31124687195,0.132217630744,0.108817100525,-0.0133702661842,375167.6875,375781.40625,16251.2099609,23609.3339844,5067,1998,5067,1998,0,5067.49977306,1997.99781473,5067.51,1998.11,5067.7099476,1998.42490875,2704.75956427,2752.76118369,2704.58360015,2753.1457864,2704.67970718,2753.08220923,2704.86515281,2752.76197559,120,-170.395239975,-43.0102338231,0.0350760614536,False,211.174533016,106.852555316,-170.562892594,-43.7350601944,-171.110807561,-43.2216878367
199,199,R-2C7,1054,FTO215,flatNominal,215,215,7.36958816729,14.336814771,0.0,14.9812610009,0.366889662941,14.9660800562,-0.390632217748,0.0286980244271,-0.133992821661,0.166833940107,-0.273526011027,0.0156916773829,flatNominal,ApogeeBoss,-2.0,6.0,-134.4,-38.7979,0,0,-1,0,1,0,0,0,0,1,18.1687608361,84.0570616722,,,,,-118.354837254,-42.9554540728,-117.801792379,-42.4614294436,-117.657578901,-43.2052522273,169,62.000705719,403,386,4858,4881,2364,2392,4869.97620766,2379.25846672,7.92036387865,9.96292653223,0.255762822138,3.16673966056e-05,4.0698334677e-05,1.20794276609e-06,3.16140246391,2.8087053299,1.44810307026,0.126361578703,0.100455388427,-0.00648777093738,343874.84375,344584.28125,15785.6699219,22880.2949219,4870,2379,4870,2379,0,4869.67382258,2378.86729552,4869.8,2378.99,4869.96460036,2378.92576746,3133.97156107,2752.04004735,3133.7644906,2752.48901669,3133.82096533,2752.32190322,3133.68191399,2752.20414517,169,-118.34313471,-42.9521791209,0.0121521540639,False,18.2636030519,83.9599947039,-117.790070653,-42.4581759664,-117.645886057,-43.2020043492
200,200,R-2C8,1068,FTO216,flatNominal,216,216,7.36953065291,14.3189050887,0.0,14.965,0.376,14.9639357343,-0.3748339495,0.247064975892,-0.0733279719055,0.192752278241,-0.274678611896,-1.0,flatNominal,Boss,-2.0,7.0,-112.0,-38.7979,0,0,-1,0,1,0,0,0,0,1,109.335744381,126.560204029,,,,,-117.212055934,-28.5280284339,-117.958009165,-28.4793620936,-117.538022492,-27.8569764038,163,62.000705719,371,349,4750,4772,2320,2345,4760.02865197,2332.4170055,7.72272120913,8.81043141577,0.222769542484,3.5875265886e-05,3.93594576033e-05,3.00236414416e-07,2.9756155014,2.77107644081,1.37641382217,0.129582554102,0.113584667444,-0.00655292440206,307746.5625,308421.40625,14159.1582031,20291.4082031,4760,2332,4760,2332,0,4759.65114432,2332.02015876,4759.81,2332.13,4760.03790837,2332.28101011,3143.26426152,2871.18799409,3143.08688722,2871.70620033,3143.10854296,2871.51514481,3143.13939168,2871.24265623,163,-117.232962045,-28.5621466422,0.0400139675574,False,109.319829395,126.731215576,-117.979044279,-28.5154997327,-117.560743907,-27.8919794434
201,201,R-2C9,1103,FTO217,flatNominal,217,217,7.38769473947,14.318476652,0.0,14.9625470847,0.364679764445,14.9541978281,-0.388244934025,-0.272768074516,-0.127146060152,0.17630289535,-0.319869723329,0.00916158637033,flatNominal,ApogeeBoss,-2.0,8.0,-89.6,-38.7979,0,0,-1,0,1,0,0,0,0,1,175.830098391,70.7623493671,,,,,-102.447683087,-25.8288445977,-103.184155964,-25.902504309,-102.87258818,-25.2170184757,177,62.000705719,422,399,4673,4695,2416,2443,4683.91944845,2430.84156278,7.93166502074,10.5228404954,0.150191927006,2.79158915806e-05,3.74023544374e-05,2.41575583174e-07,3.24522995949,2.81478047371,1.51309108734,0.126111015677,0.0950570628047,-0.00359995127656,377188.84375,377665.65625,15567.4941406,21137.1171875,4684,2430,4684,2430,0,4683.59054635,2430.4363536,4683.74,2430.52,4683.89294664,2430.53752648,3265.72480668,2893.17479049,3265.51754706,2893.65376285,3265.51999338,2893.48698161,3265.46746144,2893.33884489,177,-102.429697352,-25.8774622634,0.0518378630896,False,175.534471322,71.2571202586,-103.165909762,-25.9536812947,-102.856726409,-25.2671166832
202,202,R-2C11,1135,FTO219,flatNominal,219,219,7.38403448431,14.3404276508,0.0,14.9744906887,0.392949837703,14.9897377399,-0.364478774393,-0.0351696536505,-0.126525853577,0.208627304253,-0.189990028607,0.0070010539933,flatNominal,ApogeeBoss,-2.0,10.0,-44.8,-38.7979,0,0,-1,0,1,0,0,0,0,1,139.369050264,103.716398478,,,,,-52.9469235782,-26.8781751052,-53.6903555726,-26.939448106,-53.3591683886,-26.2580923809,233,62.000705719,413,398,4493,4513,2784,2812,4502.79939966,2798.89594653,6.89611242353,17.0514701685,0.0827817201661,3.71593906251e-05,7.45028692916e-05,9.38607770099e-07,4.12942409515,2.62591648102,1.56264555454,0.145017683506,0.0586493872106,-0.00140806788113,286868.5,287628.84375,9908.48925781,14031.4892578,4503,2798,4503,2798,0,4502.49167636,2798.24289275,4502.68,2798.66,4502.6421117,2798.49992191,3675.81915677,2883.62882284,3675.38233604,2884.20359282,3675.66588771,2883.84593709,3675.54070492,2883.9513745,233,-52.9004662051,-26.936790459,0.0747933634614,False,138.825269351,104.317134578,-53.6438369234,-26.9988024421,-53.3133272084,-26.3171178352
203,203,R-2C13,1085,FTO221,flatNominal,221,221,7.37529122626,14.338359939,0.0,14.965,0.376,14.9840632976,-0.3748339495,0.171002574722,-0.417272905728,0.12480231017,-0.0322833662481,-1.0,flatNominal,Boss,-2.0,12.0,0.0,-38.7979,0,0,-1,0,1,0,0,0,0,1,59.7448325157,170.557551384,,,,,-4.64335971491,-33.4139679269,-5.36519404236,-33.2999110561,-4.8977461454,-32.7120271452,296,62.000705719,410,385,4355,4377,3166,3195,4366.16130778,3178.55711817,7.22405209124,13.516135297,0.227777427339,3.41140725029e-05,6.24483787772e-05,7.20990283891e-07,3.6775496006,2.68622732162,1.53465878963,0.138500064611,0.0740249827504,-0.00466807791963,307269.25,307784.1875,12619.2773438,17695.2714844,4366,3178,4366,3179,0,4365.96128639,3178.65241563,4366.02,3178.33,4366.02239085,3178.83168261,4075.64174624,2829.27378301,4075.81871793,2829.40709161,4075.50269153,2829.50451497,4075.94943031,2829.27003441,296,-4.67490713986,-33.3973273653,0.0356671881436,False,61.2735304736,169.831658124,-5.39826867685,-33.2933954027,-4.93910358088,-32.6990197271
204,204,R-2C15,1289,FTO223,flatNominal,223,223,7.40174521523,14.3356526205,0.0,14.983165324,0.380904764209,14.9816194868,-0.374816868349,-1.09028885762,0.264928581441,0.195272354899,-0.125736407486,0.0101215536487,flatNominal,ApogeeBoss,-2.0,14.0,44.8,-38.7979,0,0,-1,0,1,0,0,0,0,1,83.0350649357,119.478367567,,,,,46.7051911842,-26.7095354133,46.1119603776,-26.2486250632,46.814755386,-25.970782029,345,62.000705719,383,362,4109,4131,3520,3542,4120.26423047,3531.32051261,8.49559348758,8.2531857261,-0.157083037215,3.17935121083e-05,3.04554616852e-05,-1.43273502658e-06,2.92793393135,2.85936737061,-0.456809729338,0.117749519646,0.121207989752,0.00448225764558,345738.125,346248.75,15335.765625,23071.828125,4120,3531,4120,3531,0,4120.11593422,3530.92588149,4120.18,3531.03,4120.34601544,3531.14736048,4502.12329671,2884.23624459,4501.8419237,2884.55017886,4501.90300483,2884.44258219,4501.93194941,2884.24377116,345,46.7282207773,-26.6913088178,0.0293695580694,False,83.1103238396,119.309916076,46.1357404339,-26.2294341776,46.838986429,-25.9527346187
205,205,R-2C17,455,FTO225,flatNominal,225,225,7.38370518453,14.3306792373,0.0,14.9639052554,0.388365273528,14.933321441,-0.465149163959,-1.04295866822,2.10258630361,0.163814965403,-0.165560020542,0.0218258026293,flatNominal,ApogeeBoss,-2.0,16.0,89.6,-38.7979,0,0,-1,0,1,0,0,0,0,1,77.9675835371,113.758116961,,,,,93.4553481173,-26.6567852621,92.9364798048,-26.1252041771,93.775600413,-25.966147993,395,62.000705719,371,351,3930,3952,3864,3887,3941.50401326,3874.61780443,7.26593400481,8.37581189132,0.227238044364,2.57740385189e-05,2.77410177986e-05,5.97517838973e-07,2.90181589127,2.68723106384,1.37646901608,0.137745425105,0.119492799044,-0.00747414166108,361505.03125,362007.21875,16823.8613281,25449.1113281,3941,3874,3941,3874,0,3941.35191899,3874.11467508,3941.39,3874.25,3941.49785905,3874.42181355,4889.17395028,2884.04284111,4888.79812487,2884.41030141,4888.90480132,2884.31268705,4889.00300513,2884.13890388,395,93.4494643703,-26.6427702373,0.0151999801855,False,78.0966302725,113.668545106,92.9302299394,-26.1115467614,93.769240764,-25.9519124891
206,206,R-2C18,828,FTO226,flatNominal,226,226,7.37771268765,14.3204962115,0.0,14.965,0.376,14.9655818753,-0.3748339495,-0.0344370637627,1.81174058345,0.197404785565,-0.179842454721,-1.0,flatNominal,Boss,-2.0,17.0,112.0,-38.7979,0,0,-1,0,1,0,0,0,0,1,314.192483425,54.4147950411,,,,,109.108565644,-58.2208410101,109.594581454,-58.7870121557,108.856151041,-58.9229256713,430,62.000705719,406,387,4103,4125,4099,4123,4114.05957037,4109.74534198,8.09030129084,8.76077096214,0.145995589406,2.61984708047e-05,2.94146445561e-05,-3.79424978361e-08,2.96499276161,2.83899450302,1.36542999744,0.123641975224,0.114179544151,-0.00412091193721,388179.5,388763.78125,17869.0351562,26032.7851562,4114,4109,4114,4109,0,4113.87438979,4109.30461217,4113.94,4109.37,4114.04567605,4109.60169773,5017.89602408,2622.3349755,5017.5908256,2622.70292727,5017.61877667,2622.61167624,5017.77507426,2622.41370202,430,109.094487076,-58.217166315,0.0145502389955,False,314.135050989,54.4359086077,109.580143902,-58.7836454243,108.841627484,-58.9190908335
207,207,R-2C19,989,FTO227,flatNominal,227,227,7.38609875321,14.2767433727,0.0,14.9372005995,0.354825387677,14.8991263934,-0.414369956377,0.603228639815,1.03592935505,0.225643745996,-0.124790967102,0.0197427252344,flatNominal,ApogeeBoss,-2.0,18.0,134.4,-38.7979,0,0,-1,0,1,0,0,0,0,1,143.626542091,97.1384847164,,,,,125.940066759,-26.4172676541,125.190378626,-26.4257827242,125.580436776,-25.7617301949,431,62.000705719,381,359,3805,3826,4102,4125,3815.80476259,4112.29974233,7.42553975834,8.39405419118,0.0642127770589,2.61436986925e-05,2.96034466146e-05,-2.7309310833e-07,2.89798092842,2.7242064476,1.50488054752,0.13467925787,0.119139827788,-0.00206053676084,363776.875,364306.90625,16788.9296875,23868.8046875,3816,4112,3816,4112,0,3815.45833969,4111.78529219,3815.69,4111.93,3815.85145924,4112.11390416,5158.04288479,2885.62438424,5157.74685816,2886.16939434,5157.7666817,2885.89401727,5157.8565096,2885.66888923,431,125.972256026,-26.4143659428,0.0323197897863,False,143.413579933,97.2654166369,125.222555952,-26.4217553389,125.613610744,-25.7582892344
208,208,R-2C20,170,FTO228,flatNominal,228,228,7.46737154677,14.3612385884,0.0,14.965,0.376,15.0077330485,-0.3748339495,-0.0863870748269,3.4161835761,0.0700765286027,-0.43030453395,-1.0,flatNominal,Boss,-2.0,19.0,156.8,-38.7979,0,0,-1,0,1,0,0,0,0,1,263.4720397,108.306924105,,,,,152.695314416,-51.8726512744,153.215688839,-52.35753714,152.501947584,-52.5944994889,468,62.000705719,363,349,3891,3912,4394,4417,3901.22349998,4404.9755911,7.3091053037,7.92684620073,0.0980204022408,2.58545225359e-05,2.92231974851e-05,7.91383584944e-08,2.81816005707,2.70072674751,1.41714715958,0.13683834672,0.126174494624,-0.00338418316096,349010.21875,349583.90625,16175.4833984,23181.5449219,3901,4404,3901,4404,0,3901.04522963,4404.62874061,3901.11,4404.59,3901.17602193,4404.90171812,5378.07748868,2674.57868719,5377.85234087,2674.89711152,5377.79265698,2674.85726484,5378.03393247,2674.65493835,468,152.721162243,-51.8916622907,0.0320862722372,False,263.679385802,108.219089307,153.242546939,-52.3754616711,152.529301508,-52.6139122719
209,209,R-2C21,302,FTO229,flatNominal,229,229,7.40411008561,14.307956212,0.0,14.9512685309,0.37371248248,14.950484711,-0.376625621235,0.746092450094,7.01783338875,0.17108487455,-0.045835278325,0.0218256138948,flatNominal,ApogeeBoss,-2.0,20.0,179.2,-38.7979,0,0,-1,0,1,0,0,0,0,1,323.238759041,111.884078979,,,,,188.998387432,-46.7296493802,189.683025491,-46.4384750542,189.589332799,-47.182941013,492,62.000705719,343,325,3715,3736,4641,4661,3725.1826445,4649.84850115,7.07993516584,7.71268207671,0.152453618848,2.71514201795e-05,2.80524211694e-05,1.35348630809e-07,2.78343296051,2.65426421165,1.34627342224,0.141304373741,0.129711791873,-0.00558621855453,328816.46875,329319.4375,15885.96875,23463.09375,3725,4649,3725,4649,0,3725.01104797,4649.36426969,3725.08,4649.43,3725.18547462,4649.89460907,5676.5955345,2717.47508787,5676.24548215,2717.85110492,5676.26892421,2717.7577311,5676.63511124,2717.45126285,492,189.003070513,-46.7032914799,0.0267706957013,False,323.251217953,111.981794829,189.687147403,-46.4108011941,189.594886426,-47.1554459392
210,210,R-2C22,753,FTO230,flatNominal,230,230,7.33776479161,14.3028614642,0.0,14.965,0.376,14.9473373508,-0.3748339495,0.633569394692,3.25412810218,0.151126475139,0.0217878917557,-1.0,flatNominal,Boss,-2.0,21.0,201.6,-38.7979,0,0,-1,0,1,0,0,0,0,1,359.121823311,164.634472132,,,,,204.651064453,-32.3151619892,204.425461739,-31.5879021621,205.155124475,-31.7658231573,501,62.000705719,366,347,3549,3571,4700,4722,3560.06267616,4709.37794698,7.44102494429,7.89432655533,0.0707726859849,2.94045773777e-05,3.06921128619e-05,-7.78254736652e-07,2.8116042614,2.72584533691,1.41946578026,0.134401544929,0.126684054732,-0.0024098213762,338661.125,339171.625,16651.8710938,24789.8710938,3560,4709,3560,4709,0,3559.88116908,4708.75463229,3559.96,4708.92,3560.03508372,4709.53715622,5805.71603431,2836.37107347,5805.24723484,2836.820176,5805.3534241,2836.67265316,5805.86996515,2836.32193872,501,204.697853037,-32.3087303353,0.0472285691071,False,-0.284898000739,164.160875727,204.47073168,-31.5819433447,205.200764474,-31.7583397969
211,211,R-2C23,554,FTO231,flatNominal,231,231,7.36378628431,14.3028865641,0.0,14.9620194378,0.380944530127,14.9336807182,-0.379113004847,-0.870914044039,0.602935474929,0.150278181095,-0.109893825684,0.0179847951332,flatNominal,ApogeeBoss,-2.0,22.0,224.0,-38.7979,0,0,-1,0,1,0,0,0,0,1,200.537073612,119.278939962,,,,,212.132043458,-42.8977094336,211.994271055,-43.6464374517,211.434291594,-43.1317399261,513,62.000705719,366,345,3599,3621,4794,4816,3609.82310619,4803.74109085,7.34762261191,7.83215859937,0.194004788846,2.52094354496e-05,2.68928664455e-05,3.74978717032e-07,2.8107407093,2.69805812836,1.23318636417,0.136187508702,0.127762287855,-0.00674680666998,361810.09375,362324.71875,17341.8417969,24419.3417969,3610,4803,3610,4803,0,3609.54854791,4803.20533831,3609.73,4803.33,3609.81880048,4803.82955824,5866.38627364,2748.62356423,5866.03813495,2749.11469811,5866.05918546,2748.89580998,5866.46671049,2748.58648416,513,212.150870148,-42.9378055704,0.0442960996065,False,200.701935438,119.31786165,212.015761607,-43.687018866,211.45395507,-43.1743162668
212,212,R-2C24,138,FTO232,flatNominal,232,232,7.41102128011,14.3256767681,0.0,14.965,0.376,14.9709415659,-0.3748339495,-0.0291804593096,-0.0611622016985,0.0773165804769,-0.180254964248,-1.0,flatNominal,Boss,-2.0,23.0,246.4,-38.7979,0,0,-1,0,1,0,0,0,0,1,240.266404152,163.195617199,,,,,249.624172721,-45.6098488465,250.336533807,-45.8163721547,249.794822182,-46.3363100709,541,62.000705719,349,336,3477,3499,5076,5097,3488.17933297,5085.29055902,7.32545640962,7.32779249441,0.23192378018,2.73553502611e-05,2.65240422352e-05,7.90540501786e-07,2.74928188324,2.66358733177,0.787916302681,0.136647194624,0.136603623629,-0.00864973571151,340274.9375,340833.96875,17097.5957031,25582.7207031,3488,5085,3488,5085,0,3488.02851362,5084.66438989,3488.09,5084.85,3488.19025606,5085.39092739,6172.27885999,2726.32925525,6171.79334261,2726.75246577,6171.92896427,2726.61617387,6172.36280953,2726.27316964,541,249.656155075,-45.6596159453,0.0591577139806,False,241.778675035,162.385259744,250.370992699,-45.8573970523,249.835691167,-46.3839321337
213,213,R-2C25,589,FTO233,flatNominal,233,233,7.43576260974,14.3425279165,0.0,14.9787073857,0.380105998474,14.9918537278,-0.369192407048,0.805523522706,-0.786188348482,0.0511902327553,-0.399844165731,0.0381569406155,flatNominal,ApogeeBoss,-2.0,24.0,268.8,-38.7979,0,0,-1,0,1,0,0,0,0,1,118.241869211,90.0053429604,,,,,268.10838719,-22.6065439278,267.47232922,-22.2262346515,268.126051024,-21.8598076747,548,62.000705719,361,333,3240,3261,5121,5143,3250.10628831,5131.1947989,7.40875443851,7.70718708415,0.223073400746,2.55148011735e-05,2.78083563753e-05,1.31619279872e-06,2.79756140709,2.69992446899,1.0801756382,0.135093182325,0.129862189293,-0.00782015454024,354103.3125,354552.9375,16957.9609375,24516.7109375,3250,5131,3250,5131,0,3249.97528094,5130.48291278,3250.04,5130.72,3250.13302084,5131.32867855,6323.04340242,2916.21350046,6322.47271857,2916.65876973,6322.65311067,2916.48618502,6323.14975866,2916.12790409,548,268.129144184,-22.6152732014,0.0225178377768,False,118.106924609,90.0846405249,267.493455879,-22.2343463498,268.147533258,-21.8685544561
214,214,R-1C1,1174,FTO234,flatNominal,234,234,7.3850484605,14.3134378404,0.0,14.9378778718,0.409422798489,14.9631390056,-0.368929919268,0.678778713592,-0.465399852095,0.15701459025,-0.141139765356,0.0169225828118,flatNominal,ApogeeBoss,-1.0,0.0,-280.0,-19.399,0,0,-1,0,1,0,0,0,0,1,127.389650345,97.8633677959,,,,,-284.530256849,-4.96397080231,-285.262521664,-4.81788650833,-284.734648663,-4.24532981009,11,62.000705719,374,355,5208,5229,1016,1038,5217.49187133,1026.60321924,7.40397071992,8.24640603394,0.689887822246,2.803025591e-05,2.95473294631e-05,2.53888020133e-06,2.93828201294,2.64893865585,1.05947208405,0.136123776436,0.122217662632,-0.0227760151029,352592.28125,353155.375,16297.2783203,23793.4042969,5217,1026,5217,1026,0,5217.13728139,1026.54914436,5217.21,1026.51,5217.51760481,1026.3772213,1773.88209695,3069.21508519,1773.99807262,3069.55450788,1773.9309002,3069.51031763,1773.66980223,3069.29674444,11,-284.51408036,-4.9734241148,0.0187361655685,False,127.247557756,97.9774916143,-285.246273778,-4.82698238528,-284.718121347,-4.25468343494
215,215,R-1C2,188,FTO235,flatNominal,235,235,7.39511769386,14.3251943242,0.0,14.965,0.376,14.97044244,-0.3748339495,-0.930874376241,-0.305760404225,0.196152119445,-0.224700689716,-1.0,flatNominal,Boss,-1.0,1.0,-257.6,-19.399,0,0,-1,0,1,0,0,0,0,1,190.02764225,129.242981672,,,,,-268.572995306,-22.9444232914,-268.721255076,-23.6715727556,-269.283170684,-23.1735445541,33,62.000705719,395,372,5279,5300,1197,1221,5289.38747429,1209.50271049,7.28795609868,8.71723521096,0.732633504692,2.46069488466e-05,2.95995203424e-05,2.41938145548e-06,3.0043387413,2.64180612564,1.17188107967,0.138381823897,0.115692719817,-0.0232603941113,383610.8125,384057.46875,18173.59375,26832.2167969,5289,1209,5289,1209,0,5289.0116395,1209.40549234,5289.1,1209.42,5289.40750913,1209.51529147,1902.82683119,2920.90980162,1902.914372,2921.2880076,1902.88866384,2921.20220306,1902.82872506,2920.88622007,33,-268.550112173,-22.9504303227,0.0236584490549,False,189.919685722,129.399990751,-268.697749355,-23.6777064499,-269.260091133,-23.1801595029
216,216,R-1C3,743,FTO236,flatNominal,236,236,7.36614982016,14.3458470605,0.0,14.9915837942,0.384846294698,14.9923162876,-0.376000962405,0.221304664981,0.0840111367527,0.237413708335,-0.233718171842,0.0131150977692,flatNominal,ApogeeBoss,-1.0,2.0,-235.2,-19.399,0,0,-1,0,1,0,0,0,0,1,140.415101051,131.617949009,,,,,-245.095717051,-14.5266955813,-245.725214021,-14.9375680245,-245.756989123,-14.1773842125,46,62.000705719,377,359,5130,5152,1335,1358,5140.55650767,1346.71537941,7.27153003837,8.60035044124,0.602744800389,2.95466323122e-05,3.27477877379e-05,2.40167143553e-06,2.97203874588,2.65308618546,1.20241034031,0.138326212764,0.116953752935,-0.0193888396025,340038.75,340630.65625,15257.8505859,22012.2265625,5140,1346,5140,1346,0,5140.25929483,1346.63632928,5140.32,1346.59,5140.53393712,1346.7477225,2093.30073601,2989.44931374,2093.3680403,2989.7494046,2093.29584141,2989.71437865,2093.33984972,2989.45437557,46,-245.110285734,-14.5754757214,0.0509092190864,False,140.588691748,131.695841188,-245.737973243,-14.9891071888,-245.77308463,-14.2290701662
217,217,R-1C4,1039,FTO237,flatNominal,237,237,7.38510471473,14.3170243066,0.0,14.965,0.376,14.9619899183,-0.3748339495,-0.54223305393,0.00894644746259,0.206233551606,-0.221921921941,-1.0,flatNominal,Boss,-1.0,3.0,-212.8,-19.399,0,0,-1,0,1,0,0,0,0,1,37.0248940587,120.300754309,,,,,-202.989059955,-12.384598756,-203.079290915,-11.6408872037,-202.390398502,-11.9395306766,73,62.000705719,391,374,4956,4977,1632,1656,4966.19845876,1643.48797977,7.44332008023,8.92832029755,0.441201910916,2.53994989109e-05,3.11538998574e-05,6.34066884278e-07,3.00824093819,2.70594286919,1.30272018909,0.134743332863,0.112332187593,-0.0133169535547,369756.65625,370243.46875,16957.7285156,24260.4785156,4966,1643,4966,1643,0,4965.8944719,1643.33145894,4965.98,1643.34,4966.17338516,1643.56056305,2437.06163358,3006.86054113,2437.0633742,3007.20245304,2437.03112455,3007.12008135,2437.13758648,3006.84921963,73,-203.023972413,-12.3729947649,0.0367903844767,False,36.9974786044,120.4677416,-203.116014777,-11.6295052205,-202.426396917,-11.9264696752
218,218,R-1C5,905,FTO238,flatNominal,238,238,7.39977219396,14.3133456834,0.0,14.946058814,0.390009185439,14.9685674651,-0.353493185908,-0.647678213105,-0.158434513172,0.227072715629,-0.290531263058,0.0194981915993,flatNominal,ApogeeBoss,-1.0,4.0,-190.4,-19.399,0,0,-1,0,1,0,0,0,0,1,132.377883196,31.8916851282,,,,,-181.094212252,-0.979285045132,-181.288002889,-0.261734866234,-180.568846408,-0.451777940755,88,62.000705719,398,373,4789,4811,1748,1771,4799.73015232,1759.54676942,7.51310487333,9.12178793839,0.379479003098,2.70709120918e-05,3.15585947728e-05,1.82086045322e-07,3.03427267075,2.72545075417,1.35038399696,0.133381024003,0.109858468175,-0.0110976705328,370468.4375,370992.78125,15935.4658203,23268.0917969,4799,1759,4799,1759,0,4799.51607128,1759.38420779,4799.52,1759.41,4799.71204903,1759.63915088,2616.9315034,3100.81888103,2616.88632444,3101.08386374,2616.90609195,3101.06855466,2617.02178951,3100.79222617,88,-181.118065841,-0.968975594435,0.0259861207952,False,132.423677492,31.9290318971,-181.3128975,-0.251707377642,-180.593466007,-0.440706695033
219,219,R-1C6,1137,FTO239,flatNominal,239,239,7.37742200469,14.2943167981,0.0,14.965,0.376,14.938497226,-0.3748339495,0.370459691638,-0.731947674232,0.235696564108,-0.0988933687542,-1.0,flatNominal,Boss,-1.0,5.0,-168.0,-19.399,0,0,-1,0,1,0,0,0,0,1,236.94934845,79.1322845221,,,,,-184.288222821,-25.8851103992,-184.487276643,-26.6277876732,-185.006324114,-26.084608385,98,62.000705719,395,372,4985,5006,1821,1844,4994.85843889,1831.75314535,7.51937414409,8.93915140688,0.466728393105,2.59996509792e-05,2.95360508865e-05,9.74128874055e-07,3.01311087608,2.716558218,1.27999305725,0.13342218101,0.11223115772,-0.0139324013144,377587.75,378022.15625,15960.2177734,22281.0722656,4995,1832,4994,1831,0,4994.31278608,1831.36731259,4994.6,1831.58,4994.83330155,1831.86658328,2590.75187774,2894.41288271,2590.66200254,2895.07509593,2590.72105747,2894.72469892,2590.86408698,2894.38273082,98,-184.272235041,-25.9238062251,0.0418685571296,False,237.080867732,79.1412086613,-184.469467815,-26.6669691883,-184.989845167,-26.1250638198
220,220,R-1C7,288,FTO240,flatNominal,240,240,7.42046025297,14.3294056042,0.0,14.9584579337,0.397768313224,14.985554854,-0.356806321078,0.562162151471,1.00197063937,0.217198447588,-0.221388625261,0.0165642133942,flatNominal,ApogeeBoss,-1.0,6.0,-145.6,-19.399,0,0,-1,0,1,0,0,0,0,1,317.520804405,51.350671649,,,,,-148.18316446,-39.230243384,-147.678035102,-39.7768426851,-148.415220309,-39.9401677967,138,62.000705719,412,391,4945,4968,2135,2159,4955.88263119,2146.26621163,7.87010211806,9.11181476059,0.580136118187,2.65310187772e-05,3.08452008762e-05,2.10574426922e-06,3.05625200272,2.76427936554,1.19504344463,0.127662301064,0.110265128314,-0.0162561498582,387719.125,388273.3125,17128.2441406,23752.4960938,4956,2146,4956,2146,0,4955.34484228,2145.93936255,4955.63,2146.06,4955.87317066,2146.33926178,2887.6571288,2783.57582061,2887.61592053,2784.20379283,2887.59352555,2783.89236373,2887.72627783,2783.55043876,138,-148.181712466,-39.2210384749,0.00931872517551,False,317.435171974,51.4757398646,-147.676207012,-39.7672899739,-148.41327963,-39.9311224398
221,221,R-1C8,1018,FTO241,flatNominal,241,241,7.37144042979,14.3708707397,0.0,14.965,0.376,15.0176982618,-0.3748339495,-0.497238605091,0.247107711299,0.233176806706,-0.228208028642,-1.0,flatNominal,Boss,-1.0,7.0,-123.2,-19.399,0,0,-1,0,1,0,0,0,0,1,317.240846157,73.0863118172,,,,,-121.277432268,-37.4366244393,-120.654303668,-37.7623180472,-121.277629191,-38.1842114204,164,62.000705719,407,389,4830,4852,2324,2350,4840.8504715,2336.39411819,7.76640584179,9.30334303178,0.337785019887,2.89506074768e-05,3.48669370692e-05,1.12218331841e-06,3.06174850464,2.77406644821,1.36372888088,0.128963336349,0.10765825212,-0.00936478096992,365139.78125,365833.3125,16629.9316406,23351.2441406,4841,2336,4841,2336,0,4840.44315028,2335.97090783,4840.67,2336.09,4840.84881147,2336.19821601,3109.42732033,2797.68258374,3109.2403514,2798.23941425,3109.23917368,2797.97988268,3109.25437619,2797.7746204,164,-121.323342791,-37.448029551,0.047305947711,False,317.134757082,73.0267745958,-120.701158283,-37.7755230885,-121.325700778,-38.1956128393
222,222,R-1C9,344,FTO242,flatNominal,242,242,7.38781320212,14.3220546243,0.0,14.9559578537,0.391875872795,14.9720387281,-0.36209116477,0.622593724864,-0.104403042347,0.225895861377,-0.145596487368,0.00897717810112,flatNominal,ApogeeBoss,-1.0,8.0,-100.8,-19.399,0,0,-1,0,1,0,0,0,0,1,201.548094749,38.9111468196,,,,,-116.257129314,-5.83490656308,-117.001552657,-5.87003332841,-116.649824051,-5.20294122384,152,62.000705719,388,369,4579,4600,2241,2265,4589.49641823,2252.58160255,7.69174145957,8.83376589862,0.426560692456,2.78926605527e-05,3.08970963534e-05,1.2851382482e-06,2.99591398239,2.7477273941,1.24999892712,0.13035865128,0.113505959511,-0.0125893931836,360194.78125,360756.34375,16149.9824219,24210.1699219,4589,2252,4589,2252,0,4589.26328867,2252.27617689,4589.33,2252.34,4589.54039841,2252.60969111,3151.3083899,3059.31089622,3151.14533573,3059.65881512,3151.17463157,3059.57042292,3151.31296492,3059.25891264,152,-116.288115552,-5.86694646359,0.0445724374993,False,201.691616988,38.8820963107,-117.03246723,-5.9035604476,-116.682072114,-5.23576695329
223,223,R-1C10,380,FTO243,flatNominal,243,243,7.4238301586,14.326407886,0.0,14.965,0.376,14.9716979646,-0.3748339495,1.49029183814,-1.60736653139,0.211049003214,-0.131733233206,-1.0,flatNominal,Boss,-1.0,9.0,-78.4,-19.399,0,0,-1,0,1,0,0,0,0,1,117.937524319,66.8239653111,,,,,-73.2257919456,-1.6831575252,-73.6522651345,-1.07710760385,-72.9044389609,-1.00963541389,196,62.000705719,384,362,4384,4405,2540,2565,4394.52997769,2553.22351919,7.1837892544,11.4172027318,0.0101990119828,3.3916044347e-05,5.25014835692e-05,-1.45616100533e-07,3.37893867493,2.6802546978,1.56838715076,0.139202475548,0.0875872373581,-0.000248699740041,299140.84375,299687.09375,11643.7304688,15568.1044922,4394,2553,4394,2553,0,4394.44982015,2552.61071687,4394.45,2552.94,4394.54337442,2552.97305534,3508.02747427,3093.20735364,3507.52114296,3093.56172707,3507.8107921,3093.41359911,3507.7991882,3093.31126268,196,-73.1959623996,-1.70859877834,0.0392053462455,False,117.701721985,67.0000930051,-73.6218041449,-1.10210500587,-72.8739081033,-1.03541172749
224,224,R-1C11,944,FTO244,flatNominal,244,244,7.39343560425,14.3202493735,0.0,14.9770635662,0.352275159653,14.9529507669,-0.392682027134,0.223670697366,0.541575914353,0.14560461126,-0.0072374886613,0.0122067675905,flatNominal,ApogeeBoss,-1.0,10.0,-56.0,-19.399,0,0,-1,0,1,0,0,0,0,1,259.679846764,122.420986891,,,,,-57.7216364843,-31.4433901847,-57.1418207597,-31.9117024709,-57.8376056564,-32.1789589299,232,62.000705719,411,388,4545,4565,2767,2794,4554.64060338,2781.19971001,6.81684464519,16.6296186556,-0.112730153505,3.3173832057e-05,6.76821224532e-05,-1.49128356979e-07,4.07810163498,2.6106607914,-1.55931019783,0.146711885929,0.0601404123008,0.00198908383027,301468.625,302109.0,9947.953125,14712.015625,4554,2780,4554,2780,0,4554.53020883,2780.52456723,4554.52,2780.93,4554.46640022,2780.73300402,3636.16149669,2845.84076669,3635.61386491,2846.25077177,3635.98090157,2846.07476242,3635.82818965,2846.21099317,232,-57.6821134645,-31.5005542448,0.0694967543017,False,260.30705929,122.025306901,-57.1004100269,-31.9665196754,-57.7951092608,-32.2365856149
225,225,R-1C12,962,FTO245,flatNominal,245,245,7.40242381784,14.3303853741,0.0,14.965,0.376,14.9758129869,-0.3748339495,-0.0811368660872,1.52422078682,0.166985653781,-0.31899863513,-1.0,flatNominal,Boss,-1.0,11.0,-33.6,-19.399,0,0,-1,0,1,0,0,0,0,1,144.029603004,82.1781849861,,,,,-40.1535034658,-3.92760149984,-40.8758088545,-3.77797981361,-40.3780036005,-3.21578903678,234,62.000705719,424,407,4276,4295,2791,2819,4284.86724718,2805.47458601,6.70684140823,17.6523724778,-0.0122027428622,3.26332707706e-05,7.0420782316e-05,1.16230326577e-06,4.20147418976,2.58975434303,-1.56968152523,0.149101674557,0.0566496811807,0.000206142183742,308879.625,309473.46875,10963.9121094,15628.5371094,4285,2805,4285,2805,0,4284.67238698,2804.85819392,4284.8,2805.26,4284.88960232,2805.21456771,3782.40162583,3073.83365682,3781.94513789,3074.29139961,3782.24363476,3073.99318478,3782.16072616,3073.93403919,234,-40.0810622763,-3.99172949112,0.0967477400806,False,143.276839716,82.9654410163,-40.803457608,-3.84254266841,-40.3059908898,-3.28005230878
226,226,R-1C13,110,FTO246,flatNominal,246,246,7.40082492737,14.2705881104,0.0,14.914713093,0.379437503839,14.9195992712,-0.364385138599,1.23211238372,6.87417340481,0.100383858876,-0.179248858573,0.0106775135951,flatNominal,ApogeeBoss,-1.0,12.0,-11.2,-19.399,0,0,-1,0,1,0,0,0,0,1,323.32559824,119.668267965,,,,,-1.4029013516,-25.2548393785,-0.766180342304,-24.863104559,-0.747013599588,-25.606696271,292,62.000705719,401,384,4283,4304,3159,3187,4293.43898605,3171.40443449,7.09236561874,13.5197600791,0.25623286835,3.27372429084e-05,5.67100965909e-05,-5.52659472965e-07,3.67830920219,2.6612341404,1.53101468086,0.141093283892,0.0740164890885,-0.00534813292325,310793.28125,311504.15625,12842.140625,18609.265625,4293,3171,4293,3171,0,4293.22805076,3171.3798376,4293.29,3171.16,4293.42069625,3171.64804774,4102.91846594,2897.06520964,4102.99416964,2897.26362247,4102.77622016,2897.31285024,4103.14293944,2896.96880641,292,-1.40062593125,-25.2178612421,0.0370480783255,False,323.35487459,119.796291685,-0.764982790553,-24.8243798446,-0.743774662881,-25.5679161339
227,227,R-1C14,3,FTO247,flatNominal,247,247,7.39261746364,14.2534854366,0.0,14.8889168764,0.384188733446,14.9065498419,-0.367379708343,0.723388939895,0.458052234945,0.110457862643,0.134500678533,0.00863461734866,flatNominal,ApogeeBoss,-1.0,13.0,11.2,-19.399,0,0,-1,0,1,0,0,0,0,1,354.814217091,126.498363018,,,,,22.7813866667,-19.2225277584,23.110949087,-18.5571235889,23.5295728521,-19.1815594843,317,62.000705719,418,404,4145,4168,3315,3341,4156.49952321,3326.53759958,9.43853626787,10.343487845,-0.31366304364,3.56346418294e-05,4.36609308425e-05,-1.80589136555e-06,3.23134255409,3.05621504784,-1.26771748066,0.106055513024,0.0967767164111,0.00643220031634,337991.625,338678.53125,12990.8291016,18438.7050781,4156,3326,4156,3326,0,4156.27807649,3326.43635369,4156.35,3326.3,4156.67523466,3326.53618751,4303.78555408,2946.77565419,4303.7981505,2947.01882226,4303.64246574,2947.01821654,4303.70307137,2946.62049908,317,22.8050206307,-19.1858500264,0.0436327890506,False,355.198477829,126.306705046,23.1323444022,-18.5193417772,23.5530648722,-19.1423669215
228,228,R-1C15,1215,FTO248,flatNominal,248,248,7.36262312194,14.3165695258,0.0,14.965,0.376,14.961519412,-0.3748339495,0.595622157255,-0.251987679865,0.104843580039,-0.136583470056,-1.0,flatNominal,Boss,-1.0,14.0,33.6,-19.399,0,0,-1,0,1,0,0,0,0,1,44.3151730299,71.5744149685,,,,,51.503459978,-18.389806944,51.9189017565,-17.7659109523,52.2476678235,-18.4409491789,348,62.000705719,390,364,4029,4055,3524,3547,4040.91649233,3534.64262535,7.85212036302,8.25987009726,0.245919090742,3.04022946407e-05,2.84219358084e-05,-3.328878175e-07,2.89403414726,2.78146648407,1.13149547577,0.127472996712,0.121180273592,-0.00759044475853,363942.40625,364413.3125,16850.7890625,23995.5410156,4041,3534,4041,3534,0,4040.70454393,3534.25626123,4040.81,3534.34,4040.9257907,3534.5170839,4541.75119,2953.06015072,4541.50657364,2953.42670522,4541.53219263,2953.29187724,4541.63557054,2953.10994285,348,51.4930426721,-18.3835845966,0.0121341612292,False,44.2610595692,71.6781937414,51.9079434871,-17.7593287247,52.2372945693,-18.4340817157
229,229,R-1C16,1345,FTO249,flatNominal,249,249,7.39899139041,14.3211082965,0.0,14.9709228203,0.371410926016,14.9641529263,-0.381060332445,0.0937936639791,4.91184475938,0.225897160958,-0.208793968995,0.0121111961975,flatNominal,ApogeeBoss,-1.0,15.0,56.0,-19.399,0,0,-1,0,1,0,0,0,0,1,39.8751193285,119.772337675,,,,,64.3343716106,-11.4850000018,64.14818639,-10.760058587,64.8720335972,-10.965738063,356,62.000705719,379,366,3930,3952,3591,3615,3940.82854645,3602.56342747,7.21022569675,8.52385472392,0.169601619048,2.39962554624e-05,2.87445859706e-05,7.70793102008e-08,2.92325139046,2.68117165565,1.44444704056,0.138756856322,0.117372751236,-0.00552177103236,372038.28125,372638.875,16996.1074219,23958.6699219,3941,3602,3941,3602,0,3940.4831815,3602.10675558,3940.7,3602.24,3940.87078486,3602.36662991,4648.24852284,3010.41126553,4648.00324061,3010.9286269,4648.02012617,3010.67756551,4648.0544907,3010.46479023,356,64.3292051941,-11.4449805737,0.0403515364067,False,40.2254918252,119.586827041,64.1409348134,-10.7205778852,64.8653708418,-10.9241737275
230,230,R-1C17,796,FTO250,flatNominal,250,250,7.3896926067,14.3207779191,0.0,14.965,0.376,14.9658733237,-0.3748339495,-0.129092624307,0.360688909948,0.298156588682,-0.0258444562069,-1.0,flatNominal,Boss,-1.0,16.0,78.4,-19.399,0,0,-1,0,1,0,0,0,0,1,252.714064121,86.9997775555,,,,,66.4123853688,-30.9379464714,66.544673855,-31.6720430904,65.8390661251,-31.4153913538,373,62.000705719,383,364,4066,4087,3682,3705,4076.25148856,3692.78661972,7.39211438196,8.47379041607,0.135242392965,2.73159099477e-05,3.02892130774e-05,-5.91951015441e-07,2.91383647919,2.71578001976,1.44827842712,0.135318800807,0.118045412004,-0.00431939866394,358885.0,359418.125,16602.8964844,24426.5839844,4076,3692,4076,3692,0,4076.14839053,3692.42001297,4076.17,3692.46,4076.24178965,3692.5714917,4665.64637931,2848.61845895,4665.36896131,2848.87935925,4665.39299086,2848.84062228,4665.46010347,2848.72651191,373,66.464383753,-30.9561728873,0.0551002195583,False,252.709378832,87.2250059595,66.5994969395,-31.6897548639,65.8929065345,-31.4358210496
231,231,R-1C18,1000,FTO251,flatNominal,251,251,7.3665547796,14.3440097127,0.0,14.999942802,0.374843548321,14.9839834023,-0.375973081499,-0.951111200247,2.24243562467,0.177538405419,-0.127814990496,0.0194260610281,flatNominal,ApogeeBoss,-1.0,17.0,100.8,-19.399,0,0,-1,0,1,0,0,0,0,1,5.20188722759,57.194711566,,,,,114.076078949,-33.2809569108,114.830205996,-33.2356987648,114.483093016,-33.9016513854,418,62.000705719,381,364,3900,3922,4041,4063,3911.36904887,4051.46692913,7.27561101601,8.4179703245,0.0161082618756,2.33523214526e-05,2.57214019402e-05,-9.41105378975e-07,2.90141296387,2.69729185104,1.55669915676,0.137446090579,0.118793986738,-0.000526021700352,387603.65625,388195.875,18541.3554688,28069.9804688,3911,4051,3911,4051,0,3911.18774444,4051.00234594,3911.25,4051.13,3911.33686792,4051.28816744,5059.92192285,2829.00777183,5059.59378104,2829.38331383,5059.67713977,2829.27102299,5059.77828731,2829.11894821,418,114.115304354,-33.2616621678,0.0437140657242,False,5.44264884947,57.0293912516,114.869371157,-33.2154111028,114.523135336,-33.8818201894
232,232,R-1C19,581,FTO252,flatNominal,252,252,7.39329562732,14.3811366286,0.0,14.965,0.376,15.0283191263,-0.3748339495,-0.266307964945,-1.04876512743,0.104230788791,-0.207343669212,-1.0,flatNominal,Boss,-1.0,18.0,123.2,-19.399,0,0,-1,0,1,0,0,0,0,1,70.4026436806,156.491135359,,,,,119.674889981,-11.9495761375,118.994714166,-11.8094572703,119.475021174,-11.2288833217,413,62.000705719,395,375,3723,3744,3999,4024,3733.32252471,4010.95207026,7.5597948557,8.97886798553,0.267363204397,2.56489127983e-05,3.22868679957e-05,2.90457869881e-07,3.004591465,2.7406373024,1.39061629772,0.132418170571,0.111490026116,-0.00788601581007,370594.4375,371187.3125,16551.7460938,23699.8085938,3733,4011,3733,4011,0,3733.12140781,4010.4258974,3733.19,4010.65,3733.40747166,4010.81109364,5106.30642188,3005.61608647,5105.93282612,3006.03766933,5106.09959487,3005.87563858,5106.14214367,3005.60593465,413,119.685175599,-11.9401841351,0.0139285194775,False,70.3883947826,156.443314052,119.005151978,-11.7993284958,119.486087657,-11.2192752184
233,233,R-1C20,675,FTO253,flatNominal,253,253,7.34387843951,14.3245039829,0.0,14.9620289684,0.377841451017,14.9658100165,-0.379435357427,-0.159878682917,6.13699203067,0.112781976432,-0.126322578952,0.0253090073538,flatNominal,ApogeeBoss,-1.0,19.0,145.6,-19.399,0,0,-1,0,1,0,0,0,0,1,301.53370142,74.3804454803,,,,,144.544394223,-36.6267580353,145.132689512,-37.0774363269,144.431427307,-37.3632925525,454,62.000705719,368,349,3810,3831,4277,4299,3820.13933026,4287.14430061,7.23358950625,8.25639329449,-0.035171819907,2.68131355238e-05,3.06315654499e-05,-1.22993133437e-06,2.87360429764,2.68930864334,-1.53646278381,0.138246819377,0.121120773256,0.00117784889881,346286.40625,346772.78125,16154.9775391,23789.8515625,3820,4287,3820,4287,0,3819.99434455,4286.58464698,3820.05,4286.77,3820.10454558,4287.04802932,5311.07825215,2800.95098599,5310.64901894,2801.33827386,5310.78636329,2801.19861787,5311.0089667,2801.02633625,454,144.543301368,-36.6265730825,0.00110839511025,False,301.529121144,74.3816322987,145.131569963,-37.0772862163,144.43029083,-37.3631009077
234,234,R-1C21,975,FTO254,flatNominal,254,254,7.33700652868,14.3343773748,0.0,14.965,0.376,14.9799430236,-0.3748339495,0.100162572975,0.257619991079,0.232266320755,-0.173147832858,-1.0,flatNominal,Boss,-1.0,20.0,168.0,-19.399,0,0,-1,0,1,0,0,0,0,1,274.168581963,84.9991124868,,,,,160.391483533,-34.5112802681,160.762247889,-35.1449952579,160.011315933,-35.153719442,466,62.000705719,365,340,3734,3755,4385,4407,3744.32905946,4395.07978845,7.11776056852,7.92362286857,0.0897954782875,2.63157435699e-05,2.73765620248e-05,-2.29301866966e-07,2.81664824486,2.66605997086,1.46116006374,0.140513718128,0.126222938299,-0.00318477954715,356118.25,356552.09375,16655.875,23820.9355469,3744,4395,3744,4395,0,3744.17742437,4394.45803925,3744.23,4394.68,3744.32516124,4395.01048049,5441.83419163,2818.27585211,5441.35297064,2818.69774265,5441.52295817,2818.54434312,5441.77453659,2818.31134951,466,160.405228683,-34.5207939842,0.0167164571909,False,274.242287143,84.9775171844,160.776569242,-35.1541715059,160.025645531,-35.1635786506
235,235,R-1C22,1081,FTO255,flatNominal,255,255,7.38513356916,14.3331788085,0.0,14.9794532968,0.375299112144,14.9729096777,-0.384297717254,-0.685387730679,0.0979738030963,0.125240426202,-0.0262863391022,0.0196303092609,flatNominal,ApogeeBoss,-1.0,21.0,190.4,-19.399,0,0,-1,0,1,0,0,0,0,1,166.333115101,66.2463623285,,,,,180.910885925,-3.5436465502,180.17057163,-3.44139743363,180.643464927,-2.84692111638,471,62.000705719,385,365,3428,3450,4417,4439,3439.32241174,4426.61703598,7.68376288951,8.19473447703,0.186486698273,2.5253488928e-05,2.75211583776e-05,5.97115527863e-09,2.8732483387,2.76096749306,1.25553035736,0.130216494203,0.122097015381,-0.00592664536089,378308.09375,378763.0,17974.3046875,27046.6796875,3439,4426,3439,4426,0,3439.23896306,4426.10747081,3439.27,4426.22,3439.39007395,4426.56473196,5610.80224097,3074.15365779,5610.38897421,3074.46322351,5610.47257693,3074.38075882,5610.72458171,3074.11783985,471,180.870109707,-3.57553727422,0.0517659950375,False,166.439549773,66.3186930608,180.129479993,-3.47559846542,180.600516199,-2.87964959576
236,236,R-1C23,1266,FTO256,flatNominal,256,256,7.38864957545,14.3105915208,0.0,14.965,0.376,14.9553346986,-0.3748339495,-0.587517241956,8.45443034324,0.154923431615,-0.148736901169,-1.0,flatNominal,Boss,-1.0,22.0,212.8,-19.399,0,0,-1,0,1,0,0,0,0,1,266.229758263,39.2836385965,,,,,194.882882046,-28.8215596492,194.665501933,-29.5443129572,194.156825656,-28.9919602772,487,62.000705719,370,354,3561,3583,4615,4637,3571.74035044,4624.89403152,7.69038988189,7.93330811887,0.107960941346,2.94504063225e-05,2.87046584384e-05,-1.27313323922e-07,2.82388997078,2.76574468613,1.20748138428,0.130057260394,0.126074910164,-0.00353978550993,346885.15625,347367.4375,15562.7080078,21691.2050781,3572,4624,3571,4624,0,3571.42102655,4624.35823553,3571.65,4624.45,3571.72811579,4625.00822834,5725.40341453,2865.07269628,5725.07593224,2865.60354507,5725.04805354,2865.35748838,5725.51033185,2865.0307524,487,194.889242281,-28.8410121184,0.0204658534097,False,266.321422819,39.2342135763,194.672395055,-29.5639254868,194.163311711,-29.0119479626
237,237,R-1C24,748,FTO257,flatNominal,257,257,7.35503345301,14.3178482569,0.0,14.9617787574,0.374812063407,14.9461115527,-0.394086102442,1.03432031932,-0.116022716991,0.0804868870183,-0.150983109086,0.0224624008363,flatNominal,ApogeeBoss,-1.0,23.0,235.2,-19.399,0,0,-1,0,1,0,0,0,0,1,323.59577179,104.291292429,,,,,244.140889032,-30.6534524687,244.876771102,-30.5367984861,244.584178281,-31.248022285,527,62.000705719,370,349,3388,3410,4979,5001,3399.0301275,4988.85967015,7.44959694862,7.63705640047,0.232991019068,2.54746754615e-05,2.54810294297e-05,-5.55458749414e-08,2.79185676575,2.70040535927,0.97663718462,0.134363651276,0.131065562367,-0.00819832179695,369384.6875,369887.65625,18118.6074219,26005.7324219,3399,4988,3399,4988,0,3398.86104705,4988.35844861,3398.95,4988.43,3399.09228464,4988.93590869,6127.98434468,2849.95972511,6127.6180636,2850.34136552,6127.64239032,2850.23392824,6128.02321241,2849.86936404,527,244.153467525,-30.6592841918,0.0138646132337,False,323.706914332,104.190517631,244.889328475,-30.5424970522,244.596864356,-31.2537737845
238,238,R-1C25,1264,FTO258,flatNominal,258,258,7.41089736201,14.3582401817,0.0,14.965,0.376,15.0046309624,-0.3748339495,-0.471797538411,1.39144735395,0.0509560654155,-0.202168471834,-1.0,flatNominal,Boss,-1.0,24.0,257.6,-19.399,0,0,-1,0,1,0,0,0,0,1,348.749699593,69.2326104641,,,,,268.186939089,-34.1223846985,268.900703789,-34.1138155283,268.54683041,-34.7772127432,550,62.000705719,346,332,3324,3345,5166,5187,3334.12926145,5175.14203525,7.20153467514,7.47139729544,0.197945928326,2.57587915885e-05,2.71968035203e-05,4.58988291496e-07,2.75245809555,2.66400194168,1.08455276489,0.13896048069,0.133941307664,-0.00736319087446,340958.28125,341579.0,16492.3085938,23881.5585938,3334,5175,3334,5175,0,3333.97087174,5174.41739772,3334.04,5174.68,3334.15411274,5175.24916177,6323.16913117,2821.39154207,6322.59979904,2821.8669869,6322.79748455,2821.6861957,6323.25263441,2821.31998171,550,268.189244082,-34.1285463315,0.00657865585401,False,348.791972776,69.1667876478,268.903012243,-34.1202705326,268.548866226,-34.783522243
239,239,R-1C26,394,FTO259,flatNominal,259,259,7.39583385666,14.3285260499,0.0,14.9773142053,0.373945794712,14.9801534692,-0.367594090864,0.76835809625,0.2490158286,0.0917792266621,-0.256507518861,0.03896804259,flatNominal,ApogeeBoss,-1.0,25.0,280.0,-19.399,0,0,-1,0,1,0,0,0,0,1,324.808924198,163.571105003,,,,,286.635216459,-16.4972735115,286.899233804,-15.796519368,287.372079901,-16.3677513981,553,62.000705719,355,338,3125,3147,5232,5253,3135.91058644,5241.07263852,7.51048288286,7.28040461267,0.25904540381,2.8304464137e-05,2.73183599321e-05,5.33790177099e-07,2.77108001709,2.66683387756,0.57643455267,0.133310839534,0.137523770332,-0.009486714378,341728.71875,342211.375,16261.2460938,23141.8085938,3136,5241,3136,5241,0,3135.77011469,5240.34145204,3135.85,5240.62,3136.08285583,5241.04598693,6473.26708161,2966.67778659,6472.68365897,2967.14037065,6472.8919955,2966.93824997,6473.16380961,2966.53735174,553,286.678393627,-16.4771057465,0.0476550786023,False,326.065012735,162.88839785,286.935385146,-15.773744611,287.413924014,-16.3402161598
240,240,R0C1,663,FTO260,flatNominal,260,260,7.3638415104,14.298608943,0.0,14.965,0.376,14.9429377853,-0.3748339495,-0.336686536289,1.21137383022,0.215728708679,-0.111875021857,-1.0,flatNominal,Boss,0.0,0.0,-291.2,0.0,0,0,-1,0,1,0,0,0,0,1,278.358922005,88.753824234,,,,,-296.6167777,-15.4032992313,-296.151826465,-16.0109779211,-296.898441926,-16.093462553,9,62.000705719,363,350,5329,5349,968,990,5338.42916585,979.446022271,7.01661199288,8.27421738832,0.553598193727,2.50752993161e-05,2.80511770566e-05,1.36480712412e-06,2.91259121895,2.60914564133,1.20985603333,0.143275246024,0.121498718858,-0.01917206496,354526.71875,355129.46875,16824.4804688,24710.2324219,5338,979,5338,979,0,5338.06592206,979.388907911,5338.16,979.387,5338.41781082,979.376029388,1676.1578362,2983.77739274,1676.27511732,2984.12589415,1676.23088463,2984.04433482,1676.10102106,2983.81981892,9,-296.616660346,-15.3918054653,0.0114943651144,False,278.270487817,88.8491164512,-296.151636378,-15.9994284983,-296.89824196,-16.0820024959
241,241,R0C2,1053,FTO261,flatNominal,261,261,7.41085600907,14.3231632807,0.0,14.9581089973,0.380102939153,14.9628642405,-0.375267669068,-0.226615616278,-0.165827666842,0.211252354163,-0.162372461627,0.0250648469853,flatNominal,ApogeeBoss,0.0,1.0,-268.8,0.0,0,0,-1,0,1,0,0,0,0,1,180.933172703,57.5940227509,,,,,-281.21830766,14.7605718306,-281.958227209,14.7729560657,-281.563488053,15.416996722,8,62.000705719,372,362,5051,5072,965,986,5061.13028699,975.760153737,7.18442888458,8.13353006916,0.496698121845,2.57122714591e-05,2.6283142245e-05,1.49343027005e-06,2.88893318176,2.64045906067,1.16669762135,0.139780059457,0.123469129205,-0.0170721672475,367662.46875,368290.59375,17497.3222656,25023.5742188,5061,976,5061,976,0,5060.77958749,975.573173122,5060.9,975.71,5061.07620882,975.710682814,1801.08345991,3231.36948143,1801.07978608,3231.76689607,1801.14450135,3231.59526972,1801.06459284,3231.44030413,8,-281.191566297,14.7275820407,0.0424667724373,False,180.566276406,58.1182096962,-281.931517055,14.7379349751,-281.53854743,15.3830568568
242,242,R0C3,1396,FTO262,flatNominal,262,262,7.40492231943,14.3420022416,0.0,14.9791112401,0.401812310395,14.9923696443,-0.363684339473,-1.19373978622,-0.00046381114619,0.186102906187,-0.20688147818,0.0302742598286,flatNominal,ApogeeBoss,0.0,2.0,-246.4,0.0,0,0,-1,0,1,0,0,0,0,1,223.838796616,51.6059428453,,,,,-265.925934761,4.19769770505,-266.531509935,3.74976945445,-266.601468812,4.51217791565,23,62.000705719,369,353,5071,5092,1115,1137,5081.05819392,1125.79515407,7.27186697821,8.22124501124,0.594613592269,2.94066808584e-05,2.94615187411e-05,1.45294206058e-06,2.91674613953,2.64304828644,1.12225449085,0.1383343786,0.122359722853,-0.0200104750693,341875.6875,342447.6875,16119.5800781,22767.1425781,5081,1126,5081,1126,0,5080.67867725,1125.60845252,5080.83,1125.74,5081.02996476,1125.73799478,1924.91081885,3144.33840665,1924.92071452,3144.76124522,1924.97172721,3144.56611089,1924.87318443,3144.38986266,23,-265.864182687,4.17217098321,0.066820148333,False,223.253889693,52.4971822713,-266.467354364,3.72101143588,-266.541388447,4.4830349662
243,243,R0C5,592,FTO264,flatNominal,264,264,7.3827960661,14.2799903004,0.0,14.9224851259,0.409701131972,14.9345076468,-0.3498918248,0.409486875171,-0.108710278531,0.201180827011,-0.236243025555,0.0222050509211,flatNominal,ApogeeBoss,0.0,4.0,-201.6,0.0,0,0,-1,0,1,0,0,0,0,1,159.611080885,63.6582505703,,,,,-209.156032566,17.083587599,-209.895708148,17.2667122882,-209.35364551,17.7989660791,57,62.000705719,380,357,4764,4785,1476,1498,4773.56674082,1486.63204909,7.27526670963,8.63450380136,0.373200812251,2.8473564786e-05,3.29781194038e-05,2.81326031403e-07,2.95469641685,2.67946648598,1.31970775127,0.137757435441,0.116071768105,-0.0119083132595,344776.53125,345263.0625,15325.1953125,22167.2578125,4773,1486,4773,1486,0,4773.3541984,1486.54662081,4773.37,1486.5,4773.53250004,1486.67459859,2387.02614514,3250.18586173,2387.04865104,3250.41382171,2386.99988726,3250.41743783,2387.07970424,3250.19655347,57,-209.192312069,17.0613817461,0.0425358937977,False,159.688814494,63.7294672574,-209.932461215,17.2425829039,-209.391784094,17.7762440804
244,244,R0C6,119,FTO265,flatNominal,265,265,7.37824243117,14.3174240377,0.0,14.965,0.376,14.9624034714,-0.3748339495,0.192841027727,1.33370314187,0.171881448184,-0.35772717186,-1.0,flatNominal,Boss,0.0,5.0,-179.2,0.0,0,0,-1,0,1,0,0,0,0,1,166.420426369,125.599104166,,,,,-190.974839732,1.28627439575,-191.418291065,0.682882696963,-191.715858676,1.37223883027,78,62.000705719,407,383,4810,4832,1667,1691,4820.72157035,1678.99313562,7.6384013415,8.99393178194,0.372461345178,2.78020102032e-05,3.12554284818e-05,4.92590750783e-07,3.01488494873,2.74641609192,1.31955003738,0.131182342768,0.111411057413,-0.0108651826158,377047.9375,377691.96875,16361.0517578,23208.4277344,4820,1679,4820,1679,0,4820.53815701,1678.77251379,4820.53,1678.86,4820.71442585,1679.07483355,2535.79826627,3119.4448141,2535.68742628,3119.70944392,2535.763581,3119.674226,2535.87401282,3119.41338074,78,-191.004852343,1.264751122,0.0369324807526,False,166.770856505,125.387724053,-191.446838012,0.660284997683,-191.74607773,1.34891694053
245,245,R0C7,307,FTO266,flatNominal,266,266,7.39496039558,14.3102766614,0.0,14.9563889649,0.368741679718,14.9578683477,-0.374851030651,0.337593127143,-0.0561329776361,0.191310950923,0.0170615925639,0.0152343626855,flatNominal,ApogeeBoss,0.0,6.0,-156.8,0.0,0,0,-1,0,1,0,0,0,0,1,188.03514719,160.781596899,,,,,-160.566184453,-6.92718412122,-160.326294311,-7.63137461726,-161.056747034,-7.49219442325,110,62.000705719,392,376,4755,4777,1921,1944,4765.94926941,1932.17171262,7.59883356539,8.8798352799,0.492259930569,2.82768424144e-05,3.27130784262e-05,1.73780652232e-06,3.00784754753,2.72608184814,1.24316096306,0.132073447108,0.113020576537,-0.0146431690082,357220.84375,357793.71875,16435.8945312,23616.2070312,4766,1932,4766,1932,0,4765.56613506,1931.88899371,4765.75,1932.0,4765.94655758,1932.32141512,2785.61927549,3050.96956196,2785.5457025,3051.4399968,2785.56068714,3051.22703457,2785.75327425,3050.90275984,110,-160.602592317,-6.9559265096,0.0463859611401,False,188.846649628,160.243572125,-160.359343758,-7.65896397225,-161.090452477,-7.52327186384
246,246,R0C9,667,FTO268,flatNominal,268,268,7.37955909273,14.3238093909,0.0,14.9614668667,0.387313201075,14.9760171974,-0.362545014106,-0.363947932461,1.95816887232,0.236134396779,-0.0633295445283,0.008900222464,flatNominal,ApogeeBoss,0.0,8.0,-112.0,0.0,0,0,-1,0,1,0,0,0,0,1,201.569681168,120.375663042,,,,,-123.244822952,-4.87643609067,-123.312258708,-5.61945088929,-123.923992029,-5.1855368434,143,62.000705719,399,379,4598,4620,2186,2210,4608.8307214,2197.75660061,7.55679423833,9.05100135647,0.426371231827,2.53077675789e-05,3.04823018307e-05,9.23888761998e-07,3.02722716331,2.72831273079,1.31149840355,0.132683902979,0.110779456794,-0.0125008495525,379849.125,380342.6875,16117.9765625,22240.6640625,4609,2198,4609,2198,0,4608.49181523,2197.31291522,4608.7,2197.54,4608.86337784,2197.81704841,3093.75547635,3067.51200954,3093.51872372,3068.01764014,3093.62407764,3067.73211964,3093.79398007,3067.45510749,143,-123.255050395,-4.89463793457,0.0208784025195,False,201.75992644,120.248067596,-123.321673664,-5.63772602633,-123.93388108,-5.20448113691
247,247,R0C10,1355,FTO269,flatNominal,269,269,7.3917951342,14.3070648192,0.0,14.965,0.376,14.9516860502,-0.3748339495,-0.307125718384,0.557326705073,0.203792043571,-0.326816354488,-1.0,flatNominal,Boss,0.0,9.0,-89.6,0.0,0,0,-1,0,1,0,0,0,0,1,236.282551289,31.3658997416,,,,,-110.350562601,4.45687560784,-111.021842216,4.10525310981,-110.981006226,4.85509396153,153,62.000705719,389,377,4480,4501,2246,2269,4490.56758497,2256.73856208,7.39298748573,9.06807906838,0.28816082855,2.46633534302e-05,2.96538411039e-05,5.25847129263e-07,3.01931524277,2.71012949944,1.40511238575,0.135431066155,0.110413700342,-0.00860731955618,376610.28125,377192.90625,16136.2890625,23475.6015625,4490,2256,4490,2256,0,4490.42419121,2256.47535789,4490.44,2256.5,4490.62965296,2256.78094804,3200.72881255,3145.11192294,3200.56171282,3145.36075199,3200.57564216,3145.33627838,3200.73770355,3145.03729081,153,-110.329663797,4.49147213574,0.04041880471,False,235.996159265,31.6361574255,-111.001042401,4.14003868221,-110.959995259,4.88986800489
248,248,R0C11,1148,FTO270,flatNominal,270,270,7.36370622312,14.3138185962,0.0,14.95263325,0.367994811999,14.9466213235,-0.384296595006,-0.114895922054,1.35479675066,0.153714291324,-0.30820623265,0.0146456279877,flatNominal,ApogeeBoss,0.0,10.0,-67.2,0.0,0,0,-1,0,1,0,0,0,0,1,34.028480351,89.4486451149,,,,,-51.6340874371,1.88735352103,-51.3185796751,2.55365615179,-50.8950734586,1.93186761148,218,62.000705719,384,368,4276,4296,2684,2711,4285.30699614,2698.31778689,6.799391595,14.6707294067,-0.0495235050674,3.39833440178e-05,6.7434760541e-05,2.44060658514e-07,3.8302795887,2.60750460625,-1.56450498104,0.147075593472,0.0681646093726,0.000992956687696,280334.78125,281013.1875,10134.0527344,13875.4267578,4285,2698,4285,2697,0,4285.18769282,2697.43217883,4285.24,2698.07,4285.39244191,2697.95857493,3687.17961084,3122.98180876,3686.44947251,3123.49701059,3686.98991311,3123.15379539,3686.82158707,3123.07210378,218,-51.5799308978,1.91396493156,0.0603415106733,False,34.4928150626,88.950788598,-51.264033359,2.58008285546,-50.8408910022,1.95804664255
249,249,R0C13,1063,FTO272,flatNominal,272,272,7.37222794196,14.3322551414,0.0,14.9585181754,0.404437299003,14.9962294979,-0.339594483156,-0.296401980703,0.0729652814753,0.212989366651,-0.143057231265,0.00949383717504,flatNominal,ApogeeBoss,0.0,12.0,-22.4,0.0,0,0,-1,0,1,0,0,0,0,1,351.797204018,125.173534155,,,,,-10.8339339722,-1.05393209531,-10.4567005823,-0.410915854399,-10.0881681133,-1.05836411955,265,62.000705719,417,399,4141,4161,2996,3024,4150.85017823,3009.44450449,7.5372986004,17.9253408899,-0.10299824194,4.01040913699e-05,8.42218588749e-05,-1.1688338842e-06,4.23395347595,2.74522805214,-1.56088256836,0.132683947682,0.0557913258672,0.00152479251847,276945.4375,277767.0625,9103.1015625,12354.8505859,4151,3009,4151,3009,0,4150.41454547,3009.04506622,4150.63,3009.1,4151.13625532,3009.57789086,4025.22252444,3098.37573523,4025.06972313,3098.94668058,4025.01520803,3098.72730076,4025.20854949,3098.06039933,265,-10.8153453153,-0.959655240866,0.0960919530774,False,352.361578085,125.078644726,-10.4433934396,-0.313569550999,-10.0695681768,-0.957976339928
250,250,R0C15,984,FTO274,flatNominal,274,274,7.43386194193,14.3846367643,0.0,15.0349175543,0.366533577346,15.0306039044,-0.372227900662,2.38911606903,0.728839163409,0.12264357607,-0.228587634693,0.0157547671966,flatNominal,ApogeeBoss,0.0,14.0,22.4,0.0,0,0,-1,0,1,0,0,0,0,1,228.943383694,153.528013229,,,,,22.580150564,-8.45165573167,23.1915999649,-8.87983980323,22.523438381,-9.1950337542,310,62.000705719,469,451,4066,4091,3271,3298,4078.0552121,3283.84467985,9.76297588086,10.6401308809,-0.0899638564054,3.0066492503e-05,3.45641706398e-05,-7.69658925417e-07,3.26332092285,3.12311434746,-1.46963632107,0.102435767651,0.0939911305904,0.00173221866135,419481.4375,420168.75,16433.6367188,23310.7636719,4078,3284,4078,3284,0,4077.90882384,3283.7162539,4078.02,3283.63,4078.25789951,3283.95778872,4302.19307104,3036.07100311,4302.14686702,3036.26018011,4302.02393666,3036.20382558,4302.19966618,3035.83898521,310,22.5911355654,-8.43699534283,0.0183193137496,False,228.792533199,153.673282614,23.2025432546,-8.86523897288,22.5343509712,-9.18036783758
251,251,R0C17,1036,FTO276,flatNominal,276,276,7.41036916156,14.3038503829,0.0,14.9556169575,0.369562909271,14.9686463509,-0.380500270988,-0.117320933809,0.687433014561,0.0353630222435,-0.119642134275,0.0139890481223,flatNominal,ApogeeBoss,0.0,16.0,67.2,0.0,0,0,-1,0,1,0,0,0,0,1,310.158333778,118.373222351,,,,,74.769966403,-9.90505659601,75.5106835034,-9.79229760988,75.2553001199,-10.4976655046,366,62.000705719,448,428,3878,3902,3662,3686,3889.35658195,3673.77331588,8.15161558767,9.15503948724,0.119504053041,2.08325376691e-05,2.19702755682e-05,-2.70592184583e-07,3.02804803848,2.85264420509,1.45387864113,0.122698545456,0.109250366688,-0.0032032574527,486970.34375,487443.09375,22013.2851562,32827.8476562,3889,3673,3889,3673,0,3889.15742379,3673.38929661,3889.21,3673.44,3889.43396557,3673.58207251,4735.18743245,3023.13279581,4734.93898246,3023.48692485,4734.95692181,3023.41336779,4734.98207789,3023.15258865,366,74.820482216,-9.89270197474,0.0520046539093,False,310.536973409,118.207710073,75.5607747548,-9.77718847484,75.3080169413,-10.4835014559
252,252,R0C18,805,FTO277,flatNominal,277,277,7.4316870593,14.3085896582,0.0,14.965,0.376,14.9532636153,-0.3748339495,0.290820577246,0.266901481413,0.175587468012,-0.0236810911937,-1.0,flatNominal,Boss,0.0,17.0,89.6,0.0,0,0,-1,0,1,0,0,0,0,1,116.35612607,83.3397209644,,,,,91.265381438,16.5813479521,90.6853964257,17.0670103064,91.393868991,17.3159199018,374,62.000705719,426,407,3620,3643,3683,3706,3631.67544552,3693.63867123,8.01579705052,8.91748105456,0.172577473623,2.12993438405e-05,2.28708088299e-05,1.16887071481e-07,2.99155187607,2.82557868958,1.38800525665,0.124805659056,0.112186037004,-0.00483065703884,455814.84375,456383.78125,19743.1992188,28526.640625,3632,3693,3631,3693,0,3631.32985703,3693.15170947,3631.59,3693.29,3631.83398075,3693.46722105,4871.92734809,3242.44170097,4871.65531038,3242.97326343,4871.65821315,3242.67855159,4871.70202866,3242.38038429,374,91.2871887184,16.5786057525,0.0219790158616,False,116.277699727,83.3445330877,90.7078281688,17.0650128766,91.4166199509,17.3130120139
253,253,R0C19,932,FTO278,flatNominal,278,278,7.36746175576,14.364402941,0.0,15.006502127,0.432576221019,15.0411446739,-0.314537635815,0.783674808198,-0.085900139063,0.2202988165,-0.144340842943,0.010405553528,flatNominal,ApogeeBoss,0.0,18.0,112.0,0.0,0,0,-1,0,1,0,0,0,0,1,56.911008954,19.3852995336,,,,,132.078638539,-7.39043005463,132.801617848,-7.11345628246,132.667232479,-7.84920066315,425,62.000705719,443,427,3641,3664,4073,4097,3652.35016479,4084.59769383,8.15143029336,9.0268178827,0.340250878119,1.85345484044e-05,2.06509154259e-05,7.09465196096e-07,3.02382421494,2.83456087112,1.2404011488,0.122871175408,0.110955581069,-0.00926284957677,504037.71875,504549.1875,23245.5,35374.625,3652,4084,3652,4084,0,3652.16095912,4084.11738117,3652.23,4084.23,3652.4098038,4084.47571635,5209.04305652,3043.37035572,5208.70461968,3043.76017561,5208.77389206,3043.64842461,5208.90732508,3043.37386188,425,132.108672493,-7.3627090821,0.0408716372204,False,57.4612416742,18.7029649164,132.832288474,-7.08740295516,132.696207122,-7.82283553991
254,254,R0C21,784,FTO280,flatNominal,280,280,7.40346259955,14.2962962487,0.0,14.9377780215,0.37749675352,14.9393484262,-0.371876340717,0.286737302399,-0.552600373119,0.199877447804,-0.193211795383,0.0129386493698,flatNominal,ApogeeBoss,0.0,20.0,156.8,0.0,0,0,-1,0,1,0,0,0,0,1,284.117774963,40.4830124974,,,,,141.100664231,-13.6564780972,141.033343896,-14.3977409631,140.423608297,-13.9620977604,440,62.000705719,432,411,3653,3676,4164,4188,3664.29360922,4174.68445158,8.08595508717,9.02353040125,0.113930442852,2.03747819819e-05,2.19689180375e-05,-4.74519976488e-07,3.00618958473,2.84118103981,1.45159137249,0.123693235219,0.110841087997,-0.00312348362058,472293.5,472766.0,21644.546875,32757.5449219,3664,4174,3664,4174,0,3664.10170043,4174.19562434,3664.17,4174.3,3664.36700911,4174.58409651,5283.40392922,2991.13310466,5283.05919192,2991.52925773,5283.12359104,2991.41792088,5283.28100934,2991.11441275,440,141.131851113,-13.6558198705,0.03119382772,False,283.893545229,40.8961473644,141.066975096,-14.3973006634,140.455806491,-13.9636701332
255,255,R0C22,1125,FTO281,flatNominal,281,281,7.39734469229,14.321280234,0.0,14.965,0.376,14.9663930078,-0.3748339495,-0.765604631542,-0.349529671334,0.137530520319,0.0466881357523,-1.0,flatNominal,Boss,0.0,21.0,179.2,0.0,0,0,-1,0,1,0,0,0,0,1,280.109932423,27.8848162293,,,,,160.491936507,-9.93332817389,160.202677211,-10.6204090984,159.750960717,-10.0206543408,457,62.000705719,431,403,3552,3575,4291,4316,3563.54116071,4302.24793087,8.12710077732,8.87549363809,0.199392075677,1.90866279155e-05,2.18272335973e-05,1.42873832743e-08,2.98752450943,2.84205770493,1.32600426674,0.12311296165,0.112731926143,-0.00553157972172,481286.4375,481709.9375,21032.1835938,30304.0585938,3563,4302,3563,4302,0,3563.43178036,4301.68460952,3563.45,4301.85,3563.56893572,4302.21223676,5443.09517176,3021.50091958,5442.6462261,3021.8583308,5442.7807291,3021.76468692,5443.05068062,3021.49279197,457,160.496328105,-9.9643270123,0.0313083713961,False,280.36384866,27.6242138329,160.206988632,-10.6513741769,159.75534213,-10.0515667101
256,256,R0C23,1370,FTO282,flatNominal,282,282,7.40250024915,14.3224041884,0.0,14.9602089679,0.372304498525,14.9486695663,-0.393905917585,-0.266786615308,-2.00146283652,0.125406308802,0.0117896406791,0.0175063537238,flatNominal,ApogeeBoss,0.0,22.0,201.6,0.0,0,0,-1,0,1,0,0,0,0,1,71.9261223078,58.196028471,,,,,219.946916783,6.3342221239,220.222048746,7.01957457293,220.683122605,6.40751047834,495,62.000705719,392,375,3208,3230,4663,4686,3218.70313718,4673.03616068,7.8201336287,8.37420610628,0.0855646299976,2.37018923873e-05,2.62474020143e-05,-1.36340343308e-07,2.89605236053,2.79414057732,1.42101502419,0.127889350057,0.119427658617,-0.00261345482431,398008.1875,398575.53125,17327.9492188,23880.6367188,3219,4672,3218,4672,0,3218.45722872,4672.53601762,3218.65,4672.56,3218.7478656,4673.07993687,5931.29975091,3155.86409439,5930.96994337,3156.31336162,5930.90525679,3156.13200212,5931.31789065,3155.80419501,495,219.946580579,6.3843267989,0.0501058029577,False,72.2106474031,57.9884706429,220.220791638,7.07004822308,220.682687286,6.45860405593
257,257,R0C25,613,FTO284,flatNominal,284,284,7.41059976742,14.2995031956,0.0,14.9459241137,0.36958024565,14.9450423417,-0.373691482564,-0.0677313866228,2.89008917721,0.0562913659008,-0.168837136385,0.0200427165914,flatNominal,ApogeeBoss,0.0,24.0,246.4,0.0,0,0,-1,0,1,0,0,0,0,1,5.96147842705,91.5733194351,,,,,261.058622453,-4.85690269018,261.628066239,-4.37712843438,261.760826905,-5.10844795759,533,62.000705719,400,377,3135,3157,5003,5026,3146.05909679,5013.02972043,7.97538790896,8.06192136503,0.125357950179,2.21555154141e-05,2.28978070494e-05,-7.38732682276e-07,2.855042696,2.80820941925,0.951569914818,0.125416398048,0.124070234597,-0.00390029675327,427525.9375,428035.59375,20094.1660156,28946.6035156,3146,5012,3146,5012,0,3146.00894142,5012.5247558,3146.05,5012.55,3146.13488867,5013.12536581,6266.36388537,3063.10201661,6265.93930668,3063.37993348,6265.94377443,3063.33537551,6266.41365838,3062.99059357,533,261.089461732,-4.79431054287,0.0697770595153,False,6.28489216702,91.4869728505,261.656915534,-4.31218426862,261.792700964,-5.04294822254
258,258,R0C26,870,FTO285,flatNominal,285,285,7.43547740211,14.3192585738,0.0,14.9649711261,0.373938160262,14.9791119059,-0.393274248852,0.418538165679,-0.025234039047,0.101118205197,-0.334178141992,0.0150323692066,flatNominal,ApogeeBoss,0.0,25.0,268.8,0.0,0,0,-1,0,1,0,0,0,0,1,336.312983036,80.4395824671,,,,,277.557466526,-14.700050306,278.302762464,-14.7362223045,277.898427148,-15.388393904,549,62.000705719,422,403,3145,3171,5160,5183,3156.70053461,5169.46839882,8.40251492117,8.03602517987,0.488652556894,2.38839918118e-05,2.1230416567e-05,1.77521301129e-06,2.95654392242,2.77441692352,0.606012701988,0.119434341788,0.124881245196,-0.0145250661299,455934.625,456606.46875,21564.2480469,30636.5605469,3157,5169,3157,5169,0,3156.41430941,5168.80460743,3156.63,5168.98,3156.90938966,5169.36952569,6400.1626436,2981.34510504,6399.70636308,2981.90577603,6399.76582595,2981.63414134,6399.9784175,2981.20561641,549,277.626314696,-14.6971584218,0.0689088779834,False,336.753239951,80.1195620221,278.3716849,-14.7317663216,277.968719071,-15.3847849911
259,259,R0C27,999,FTO286,flatNominal,286,286,7.40277336345,14.321078661,0.0,14.965,0.376,14.9661844648,-0.3748339495,0.403372453425,0.361934834523,0.0598189219511,-0.254775547617,-1.0,flatNominal,Boss,0.0,26.0,291.2,0.0,0,0,-1,0,1,0,0,0,0,1,82.5263679028,60.0004523993,,,,,306.851921163,10.5101165622,306.935378916,11.2510926037,307.538025627,10.8032422218,554,62.000705719,412,396,2852,2875,5273,5296,2863.66468409,5283.1467613,8.56319253251,8.01014148713,0.112061662888,2.16381147249e-05,2.07194818546e-05,1.72307777263e-07,2.93002319336,2.82635760307,0.192511543632,0.116800256073,0.124864600599,-0.00326806493104,454558.65625,455221.90625,19663.0839844,27175.2089844,2864,5283,2864,5283,0,2863.38964836,5282.40249253,2863.57,5282.65,2863.66468409,5283.1467613,6636.43331242,3188.63463888,6635.90049768,3189.2225922,6636.03606252,3188.94321654,6636.43331242,3188.63463888,554,306.869674636,10.5599333964,0.0528857521092,False,82.9775739627,59.4953018843,306.953829987,11.3008305334,307.556054776,10.8524129531
260,260,R+13C1,483,FTO287,flatNominal,287,287,7.43459945026,14.324607099,0.0,14.9901741535,0.349558114048,14.9661769624,-0.378001067916,0.222735690539,-0.486217761432,0.220372989128,-0.283022741942,0.011750259369,flatNominal,ApogeeBoss,13.0,0.0,-145.6,252.1866,0,0,-1,0,1,0,0,0,0,1,345.532615185,18.3977262676,,,,,-146.796269375,230.464931101,-146.404860483,229.823082631,-147.132464932,229.800499582,25,62.000705719,411,392,2964,2987,1126,1149,2975.31180266,1137.63325411,7.99811034772,8.79073810701,0.114532829542,2.31867535128e-05,2.33953999977e-05,-1.00849974716e-08,2.96765160561,2.82522439957,1.43013119698,0.12505286932,0.113777317107,-0.00325857917778,426867.375,427417.375,17601.8925781,24979.4550781,2975,1137,2975,1137,0,2975.39897995,1137.65620394,2975.36,1137.59,2975.29896642,1137.51757352,2908.88471194,5006.08580699,2908.8647605,5005.99789501,2908.82187276,5006.06657079,2908.78806909,5006.15066781,25,-146.867107921,230.470323398,0.0710434824592,False,345.287272555,18.482766279,-146.477496327,229.827382355,-147.205161112,229.806835089
261,261,R+13C2,1034,FTO288,flatNominal,288,288,7.42476526153,14.3009330702,0.0,14.944191573,0.374912637739,14.9399340217,-0.383389780553,-0.0440509950471,1.23635289752,0.310767621157,-0.16981516912,0.0098243480569,flatNominal,ApogeeBoss,13.0,1.0,-123.2,252.1866,0,0,-1,0,1,0,0,0,0,1,39.4442975521,79.5849555731,,,,,-106.29983649,253.336791231,-105.932716567,253.984528793,-105.554707682,253.32714765,47,62.000705719,432,410,2642,2666,1336,1360,2653.95842642,1347.24727434,8.33003910257,8.95016626433,-0.125227232872,2.16166620725e-05,2.24113865716e-05,-7.07521555174e-07,2.99574685097,2.88196206093,-1.37887465954,0.120072714984,0.111753277481,0.00336002092808,462535.5625,462956.15625,20482.1074219,30290.8574219,2654,1347,2654,1347,0,2654.02230473,1347.1013917,2654.04,1347.17,2653.90978185,1347.26626933,3243.31508407,5194.13462005,3243.1561955,5194.14541835,3243.20807805,5194.09616692,3243.35441559,5194.16897315,47,-106.294600984,253.401617962,0.0650378012128,False,39.7354605669,79.4831665746,-105.929623964,254.050565389,-105.549444371,253.394437229
262,262,R+13C3,857,FTO289,flatNominal,289,289,7.45871369801,14.336576398,0.0,14.981758802,0.379797703615,14.9827359101,-0.374902088482,0.138961057995,0.505431683986,0.301192417654,-0.234185283744,0.0151561417802,flatNominal,ApogeeBoss,13.0,2.0,-100.8,252.1866,0,0,-1,0,1,0,0,0,0,1,166.815397739,93.9487695694,,,,,-113.526252584,261.293323107,-114.220932284,261.014169487,-114.109155622,261.760546542,38,62.000705719,430,413,2613,2636,1254,1277,2624.60986722,1265.50850395,8.45887085741,8.97113023987,-0.0335877349934,2.21099737533e-05,2.22353503455e-05,-3.33576971096e-07,2.99555063248,2.90803670883,-1.50560057163,0.118220843375,0.111470334232,0.000885233050212,457100.65625,457561.90625,18740.7910156,25033.2910156,2625,1265,2625,1265,0,2624.62959046,1265.4796937,2624.71,1265.45,2624.58956259,1265.46974453,3184.40289235,5257.94620345,3184.36822758,5257.94203318,3184.3105008,5257.88534636,3184.3779101,5257.9821264,38,-113.531656286,261.300978905,0.00937076616655,False,166.865386938,93.8737620951,-114.226457814,261.022128645,-114.114355255,261.768456822
263,263,R+13C4,877,FTO290,flatNominal,290,290,7.36501689594,14.3175876163,0.0,14.9639499609,0.367639382084,14.9573646311,-0.384220475801,1.12837314397,0.285130180712,0.22548143749,-0.157066472423,0.0173307810423,flatNominal,ApogeeBoss,13.0,3.0,-78.4,252.1866,0,0,-1,0,1,0,0,0,0,1,70.5678087473,130.937290192,,,,,-77.1402839975,262.835436068,-77.7306099372,263.287606701,-77.0355381545,263.574332753,63,62.000705719,428,409,2462,2485,1512,1536,2474.08210456,1524.21858887,8.41313509704,9.2638043789,-0.0862524382347,2.36038533213e-05,2.39364288972e-05,-6.77621756953e-07,3.04507160187,2.89904785156,-1.47075927258,0.118873104453,0.107957318425,0.00221358193085,440472.96875,441074.21875,18863.1660156,27802.1660156,2474,1524,2474,1524,0,2474.19394171,1524.09438282,2474.19,1524.15,2474.0299965,1524.25353979,3483.39613715,5271.82261964,3483.23429863,5271.78087061,3483.29142436,5271.76110594,3483.45121836,5271.85266757,63,-77.14209346,262.87342251,0.0380295133045,False,70.9360521552,130.640888553,-77.7329859012,263.324852591,-77.0382741835,263.612449952
264,264,R+13C5,1190,FTO291,flatNominal,291,291,7.34227652049,14.3418854757,0.0,14.9784954706,0.397827591054,14.9904871891,-0.361499268775,0.393220571289,0.72952264151,0.133172995921,-0.25372270248,0.0154829468993,flatNominal,ApogeeBoss,13.0,4.0,-56.0,252.1866,0,0,-1,0,1,0,0,0,0,1,330.654916763,82.9153311253,,,,,-48.1039945583,237.339739254,-47.3545507932,237.296459688,-47.7836233696,236.669867471,97,62.000705719,427,412,2536,2559,1819,1844,2547.34616607,1830.75070062,8.32437078958,9.29093710257,0.0051957327496,2.42028366382e-05,2.67699028587e-05,-5.1045235151e-07,3.04810833931,2.88519382477,1.56542110443,0.120129242539,0.107631810009,-0.000134358764626,424859.40625,425417.15625,16725.8515625,23288.5410156,2547,1831,2547,1830,0,2547.48898527,1830.4830472,2547.42,1830.62,2547.4025076,1830.90152258,3721.33649987,5065.14910407,3721.03313996,5065.1461975,3721.18490433,5065.14000495,3721.44419119,5065.02942028,97,-48.1224886795,237.400000318,0.0630351356475,False,330.263621691,83.4818806984,-47.3729160384,237.359013325,-47.8000700102,236.731111608
265,265,R+13C6,1364,FTO292,flatNominal,292,292,7.41564072639,14.3150392574,0.0,14.9658023574,0.365155612527,14.9571232062,-0.378899443122,0.315216205766,-4.3232810278,0.153745708093,-0.245186514619,0.0168348228579,flatNominal,ApogeeBoss,13.0,5.0,-33.6,252.1866,0,0,-1,0,1,0,0,0,0,1,226.426742077,70.5362015963,,,,,-52.427274585,251.531730625,-52.8840923191,250.941689278,-53.1662864592,251.630209227,85,62.000705719,442,416,2450,2473,1734,1759,2461.58855086,1746.50653131,8.34914963539,9.31700084107,-0.0641003214992,2.1878463802e-05,2.39311597067e-05,-1.44974882595e-06,3.05306863785,2.88875794411,-1.50495016575,0.119779005647,0.107336342335,0.00164814246818,464099.03125,464589.71875,19363.3535156,26259.6660156,2462,1746,2462,1746,0,2461.63275743,1746.36947203,2461.71,1746.38,2461.51469296,1746.57004523,3686.28034941,5180.13829898,3686.13837889,5180.16246172,3686.11457943,5180.08505051,3686.37081302,5180.1744285,85,-52.4381647862,251.530748041,0.0109344388559,False,226.514697404,70.4164584915,-52.8953098057,250.940960228,-53.1771219106,251.629636633
266,266,R+13C7,1252,FTO293,flatNominal,293,293,7.36863324767,14.3175520142,0.0,14.9421580542,0.390767671267,14.9698340367,-0.356019017385,-0.0268951537444,-0.120296719087,0.15681609106,-0.239337965413,0.0121367592729,flatNominal,ApogeeBoss,13.0,6.0,-11.2,252.1866,0,0,-1,0,1,0,0,0,0,1,204.96535778,64.1644906998,,,,,-28.8615775948,258.965583384,-29.4930232789,258.585967227,-29.5074356572,259.333127586,107,62.000705719,442,423,2306,2329,1879,1903,2318.19953893,1890.89648401,8.49214758546,9.47091982593,-0.13250788831,2.25336620489e-05,2.34694442422e-05,-1.05288383393e-06,3.08034777641,2.91110396385,-1.43858468533,0.117781557143,0.105609424412,0.00329576968215,462438.0,462995.46875,18860.5136719,26840.015625,2318,1891,2318,1891,0,2318.36214383,1890.6531685,2318.32,1890.76,2318.0944074,1890.91325577,3880.60274816,5240.53426348,3880.31182247,5240.50256111,3880.425453,5240.4896688,3880.66622193,5240.61973284,107,-28.8773874248,258.954490966,0.0193130127027,False,205.100437268,64.0444161587,-29.5087336712,258.574709456,-29.5233417195,259.321866015
267,267,R+13C8,488,FTO294,flatNominal,294,294,7.38272566769,14.3142883338,0.0,14.962110893,0.368918570827,14.9628947096,-0.375642149736,0.462057135781,0.905412409449,0.131177039805,-0.275065948996,0.01145968034,flatNominal,ApogeeBoss,13.0,7.0,11.2,252.1866,0,0,-1,0,1,0,0,0,0,1,250.183238983,69.0645807981,,,,,-5.12332017393,243.438616259,-5.24924107984,242.703824516,-5.82521158797,243.175660563,132,62.000705719,440,420,2328,2351,2110,2135,2339.53678652,2122.46358534,8.31882055328,9.66340713613,0.081305067366,2.25974033971e-05,2.52113509611e-05,-1.65576233281e-07,3.10939002037,2.88338732719,1.51062011719,0.120219238102,0.103491678834,-0.00202297861688,451906.78125,452390.15625,18434.2109375,24684.0878906,2340,2122,2339,2122,0,2339.46206085,2122.22381308,2339.63,2122.31,2339.67236455,2122.58347754,4076.07521021,5114.56157941,4075.89714324,5114.73868621,4075.89717396,5114.5527139,4076.11884465,5114.38593324,132,-5.12440432613,243.480293199,0.0416910389757,False,249.923121551,69.2611571659,-5.25114003906,242.745641555,-5.82658692656,243.218116063
268,268,R+13C9,894,FTO295,flatNominal,295,295,7.38533558262,14.3073541409,0.0,14.9564698121,0.387192240174,14.9660149052,-0.36390621692,0.265953645136,0.196426742382,0.155783652976,-0.251363391303,0.0162036060936,flatNominal,ApogeeBoss,13.0,8.0,33.6,252.1866,0,0,-1,0,1,0,0,0,0,1,235.993001461,57.2395849228,,,,,14.106099142,250.383270829,13.6673052,249.767861321,13.3567228412,250.451804739,150,62.000705719,433,405,2205,2228,2226,2250,2216.65596506,2237.38498672,8.73739904085,9.29630027518,0.0181359596305,2.39812429877e-05,2.55218677029e-05,-7.56446468419e-07,3.04907989502,2.95580983162,1.53839242458,0.114450998604,0.107570111752,-0.000446560152341,437461.96875,437996.9375,18245.0332031,26293.9101562,2217,2237,2217,2237,0,2216.77593692,2237.07672116,2216.79,2237.16,2216.65959463,2237.38630325,4234.78623711,5170.3955719,4234.45742759,5170.43169947,4234.52327328,5170.38174248,4234.78572658,5170.39174485,150,14.1050140378,250.380503801,0.00297218645099,False,236.012386229,57.2232134536,13.6662524621,249.765071217,13.3556341338,250.448998301
269,269,R+13C10,1044,FTO296,flatNominal,296,296,7.37388635199,14.3259270908,0.0,14.9704860805,0.364966822291,14.9800078224,-0.363075091981,0.542578643426,0.0338028578325,0.138121840538,-0.234055328465,0.0126690657272,flatNominal,ApogeeBoss,13.0,9.0,56.0,252.1866,0,0,-1,0,1,0,0,0,0,1,118.865879774,74.9954009056,,,,,58.6178084198,269.542801876,58.1036617951,270.076009453,58.806337745,270.266750644,187,62.000705719,437,415,1898,1921,2477,2505,1910.25094797,2491.37015669,8.65731098247,11.5477282204,-0.241508926533,3.06198989294e-05,4.12896959561e-05,-9.50266840422e-07,3.40114235878,2.93892335892,-1.48800623417,0.115576736629,0.0866476744413,0.00483433855698,371295.8125,371910.375,13367.0371094,17699.7871094,1910,2491,1910,2491,0,1910.55209263,2490.84072771,1910.4,2491.07,1910.42958931,2491.04754168,4601.65110512,5324.67671036,4601.0424289,5324.65443011,4601.31913997,5324.68592818,4601.28244894,5324.66744785,187,58.6587367983,269.574322456,0.0516592600386,False,119.030171729,74.6191932731,58.1465658214,270.109428018,58.8499424439,270.297568975
270,270,R+13C11,228,FTO297,flatNominal,297,297,7.36590162252,14.3415139656,0.0,14.9728961636,0.397703277016,14.9993387397,-0.353893335522,0.317770141142,-0.11981489757,0.205987989927,-0.306852456084,0.0141135439646,flatNominal,ApogeeBoss,13.0,10.0,78.4,252.1866,0,0,-1,0,1,0,0,0,0,1,351.285438538,47.7798199654,,,,,86.0940357677,233.58979912,86.8015478511,233.352653535,86.2363617298,232.856507059,238,62.000705719,455,433,2056,2076,2814,2842,2065.81954952,2828.05743308,7.19965666702,18.7285520895,-0.21639504119,3.06986056296e-05,6.25470149481e-05,-1.17077028768e-06,4.32811880112,2.68246078491,-1.55203533173,0.138943761587,0.0534129589796,0.00321079185233,345572.0,346256.375,11373.5390625,15556.1015625,2066,2828,2066,2828,0,2065.93454624,2827.44688454,2065.95,2827.93,2065.77356513,2827.82523078,4828.28183145,5031.08102621,4827.68727973,5031.26130937,4828.11167842,5031.02570455,4828.09719,5031.2291478,238,86.1325726567,233.57126592,0.0427617971713,False,351.694548377,47.3009759088,86.8397955882,233.333259405,86.2740060299,232.837801179
271,271,R+13C12,417,FTO298,flatNominal,298,298,7.39809460275,14.3435099375,0.0,14.9804526244,0.386406695286,14.985306734,-0.367595125257,0.346247939412,0.895801242545,0.291942353693,-0.268359896245,0.0348752433914,flatNominal,ApogeeBoss,13.0,11.0,100.8,252.1866,0,0,-1,0,1,0,0,0,0,1,177.250885963,144.368687868,,,,,92.182029406,247.851892145,92.1055158852,247.110844372,91.5015102961,247.5621974,235,62.000705719,425,406,1930,1949,2804,2832,1939.84701865,2818.64818938,6.88226053652,18.079541059,-0.143557119293,3.07978041533e-05,6.60852426868e-05,2.96984034204e-07,4.25222063065,2.62305545807,-1.55797839165,0.145325168967,0.0553203001618,0.00230785296299,318699.9375,319402.40625,10760.9335938,15989.7460938,1940,2818,1940,2818,0,1940.01787835,2818.14007077,1940.0,2818.5,1940.09408421,2818.42587712,4878.17492418,5147.13399557,4877.64537455,5147.21739069,4877.96989148,5147.06285917,4877.86357686,5147.01769003,235,92.2398539884,247.879146195,0.0639254690059,False,176.474790509,144.932696708,92.1605979284,247.138386722,91.5582672062,247.591972445
272,272,R+13C13,605,FTO299,flatNominal,299,299,7.39741164138,14.3512648971,0.0,15.0079588046,0.352556264274,14.9812887261,-0.405858285134,-0.67369498107,-4.41941318838,0.265495759113,-0.330111410103,0.0208474214928,flatNominal,ApogeeBoss,13.0,12.0,123.2,252.1866,0,0,-1,0,1,0,0,0,0,1,136.138308048,47.9164409637,,,,,128.318131303,271.543016342,127.977533405,272.205991363,128.735340103,272.165581832,262,62.000705719,442,426,1625,1646,2979,3007,1635.51857608,2992.20037503,7.90823987416,17.5467353619,0.12714823653,3.57671827688e-05,7.2454281769e-05,8.82599562477e-07,4.18908262253,2.81186103821,1.55760765076,0.126465126872,0.0569972991943,-0.00183279870544,313795.8125,314574.03125,10441.5703125,14426.0078125,1636,2992,1636,2992,0,1635.58466553,2992.01359078,1635.67,2991.91,1635.73735751,2992.45964801,5172.75778209,5336.75757514,5172.56160278,5336.78532139,5172.42898439,5336.75680046,5172.88654455,5336.44371526,262,128.257739877,271.613839529,0.0930754977744,False,136.92864431,47.0748515919,127.917735169,272.277118963,128.675505416,272.236031563
273,273,R+13C14,361,FTO300,flatNominal,300,300,7.38589396389,14.3224334273,0.0,14.9637267734,0.367874576453,14.9630343475,-0.373225188694,0.783936160194,-0.0910970089451,0.115227642618,-0.224499020322,0.0175200429122,flatNominal,ApogeeBoss,13.0,13.0,145.6,252.1866,0,0,-1,0,1,0,0,0,0,1,35.466324091,121.663638353,,,,,155.149200209,259.377950239,155.050611142,260.110663727,155.736623626,259.830277897,306,62.000705719,421,397,1610,1634,3223,3247,1622.70758914,3233.92273606,9.65420448264,9.38952237134,0.358661464723,3.20226231682e-05,3.47758341202e-05,-3.72628865363e-07,3.14708781242,3.02317142487,0.60865432024,0.103729009628,0.106653042138,-0.00792449247092,369518.25,370064.3125,14588.0087891,20664.0078125,1623,3234,1623,3234,0,1622.87512334,3234.01007858,1622.85,3233.88,1616.71489985,3234.70331618,5393.02174673,5236.37028965,5393.02174533,5236.18135468,5392.92104629,5236.267721,5396.48429976,5241.32330457,306,155.131552376,259.470956525,0.094665807983,False,36.1902395333,121.338990442,155.027859806,260.202965207,155.715809495,259.927366647
274,274,R+12C1,1144,FTO301,flatNominal,301,301,7.40735363897,14.2950678472,0.0,14.952735818,0.38517767739,14.9528121077,-0.358464867167,0.945373437351,2.40876036479,0.279048478474,-0.136590830075,0.0117380225596,flatNominal,ApogeeBoss,12.0,0.0,-156.8,232.7876,0,0,-1,0,1,0,0,0,0,1,229.739484787,121.814764738,,,,,-163.936125501,222.963081927,-163.610834796,222.27382511,-164.351549743,222.339746326,14,62.000705719,414,389,3084,3107,1030,1053,3095.03413076,1041.72860415,7.95102917473,8.76913806349,0.0566995768853,2.2034401696e-05,2.42508838431e-05,-7.27345714435e-07,2.9619333744,2.81906342506,1.50192952156,0.125775679946,0.114041551948,-0.00162648316473,431297.34375,431723.90625,18772.1269531,27144.6894531,3095,1042,3095,1042,0,3095.02215438,1041.58854845,3095.05,1041.71,3095.08313429,1041.62855246,2768.49648994,4944.26117716,2768.37783553,4944.33654403,2768.47092324,4944.25985881,2768.3851174,4944.26397789,14,-163.939565701,222.981028886,0.0182737055596,False,229.575047625,121.911060183,-163.615094957,222.29138569,-164.355730981,222.358187788
275,275,R+12C2,333,FTO302,flatNominal,302,302,7.41932787679,14.3304949046,0.0,14.9745062928,0.372965896671,14.9733481528,-0.3722446405,0.449135680225,0.621437945636,0.269063191461,-0.193276412072,0.0175809101889,flatNominal,ApogeeBoss,12.0,1.0,-134.4,232.7876,0,0,-1,0,1,0,0,0,0,1,42.7697297931,103.925203085,,,,,-121.868936696,239.233519504,-121.840911776,239.977205481,-121.211176629,239.578741266,41,62.000705719,411,389,2804,2827,1275,1298,2815.70873298,1286.4614516,7.85153767006,9.06946474065,-0.115561118142,2.32510282846e-05,2.55840117559e-05,-9.45030058714e-07,3.01335906982,2.80011963844,-1.47702789307,0.127387478948,0.110280774534,0.00324628618546,417984.65625,418626.34375,17722.5351562,23973.1601562,2816,1286,2816,1286,0,2815.70462454,1286.44580197,2815.77,1286.41,2815.69954241,1286.47135892,3114.63830111,5078.80741837,3114.62632349,5078.81829618,3114.55920946,5078.77485675,3114.65133494,5078.81098779,41,-121.855179396,239.276629651,0.0452520504859,False,43.1190741824,103.66616141,-121.828326618,240.020358873,-121.197964242,239.622887666
276,276,R+12C3,1365,FTO303,flatNominal,303,303,7.39846762173,14.3346978485,0.0,14.965,0.376,14.9802745787,-0.3748339495,0.193183694128,0.157600982546,0.124439742478,-0.270865906887,-1.0,flatNominal,Boss,12.0,2.0,-112.0,232.7876,0,0,-1,0,1,0,0,0,0,1,73.335236907,50.4964578152,,,,,-93.3176142805,238.619070495,-93.0074435469,239.284240337,-92.5729662489,238.671692861,59,62.000705719,431,409,2700,2723,1484,1508,2711.12989618,1496.36330366,8.09739735319,9.16276318748,-0.0267840504396,2.10454756123e-05,2.30825208798e-05,-1.76933533516e-07,3.02711677551,2.84547448158,-1.54567682743,0.123497664928,0.109138436615,0.000722002238035,460601.03125,461161.03125,20121.0195312,29228.8925781,2711,1496,2711,1496,0,2711.23300185,1496.25079658,2711.21,1496.27,2711.11435289,1496.43139345,3349.11004201,5074.50354536,3348.96261379,5074.46413038,3348.99326128,5074.47578851,3349.17760459,5074.48585041,59,-93.3218226607,238.635642057,0.0170975764712,False,73.3936785706,50.4831256443,-93.0121757175,239.301055893,-92.57721629,238.688850675
277,277,R+12C4,372,FTO304,flatNominal,304,304,7.40382345638,14.3204510911,0.0,14.965,0.376,14.9655351947,-0.3748339495,0.446084335599,-0.436717505081,0.107591982808,-0.235168986983,-1.0,flatNominal,Boss,12.0,3.0,-89.6,232.7876,0,0,-1,0,1,0,0,0,0,1,17.2207219899,60.515216589,,,,,-73.5941072726,222.585741072,-72.8844363258,222.816362934,-73.0432836449,222.0825241,79,62.000705719,437,420,2740,2763,1688,1713,2751.57748507,1699.85672788,8.0557002619,9.34001660368,-0.0155251179394,1.92127465686e-05,2.15748251671e-05,-1.03792197196e-07,3.0561747551,2.83822345734,-1.55871045589,0.124136097729,0.10706653446,0.000412681838498,486699.84375,487299.8125,20439.2890625,28712.9140625,2752,1700,2752,1700,0,2751.48303162,1699.62579208,2751.64,1699.75,2751.55251968,1699.9560585,3510.85422263,4944.56355465,3510.69311123,4944.75406953,3510.73103784,4944.56262867,3510.95384305,4944.53977202,79,-73.5870780739,222.648233358,0.0628863688491,False,17.1649981036,60.8356023261,-72.8784799878,222.882130875,-73.0339358607,222.147566121
278,278,R+12C5,940,FTO305,flatNominal,305,305,7.41815323466,14.3477216719,0.0,14.965,0.376,14.9937487419,-0.3748339495,-0.0892234260708,0.0164489101215,0.171286147177,-0.380463948489,-1.0,flatNominal,Boss,12.0,4.0,-67.2,232.7876,0,0,-1,0,1,0,0,0,0,1,327.063546181,121.12590909,,,,,-57.2834960835,225.925211887,-56.6541942527,226.280722421,-56.6501365994,225.529349248,94,62.000705719,413,391,2654,2677,1795,1819,2665.40150322,1806.61109347,8.00714703235,9.28906162261,-0.132137935089,2.46452195331e-05,2.77652614434e-05,-1.40189223627e-06,3.05000662804,2.82730770111,-1.46914196014,0.124917753041,0.10767877847,0.00355393788777,405254.03125,405917.34375,16334.9277344,23237.5527344,2665,1806,2665,1806,0,2665.5396508,1806.49815199,2665.46,1806.47,2665.40390814,1806.72739369,3645.35485018,4971.62599369,3645.19083705,4971.55570695,3645.20749713,4971.63964426,3645.45686483,4971.57009614,94,-57.289721319,225.941671633,0.017597636103,False,327.002543709,121.235463208,-56.6607209687,226.297715301,-56.6560266138,225.546345836
279,279,R+12C6,40,FTO306,flatNominal,306,306,7.42621922741,14.3496067451,0.0,14.965,0.376,14.9956989975,-0.3748339495,1.03518872203,-0.342611253948,0.10287178383,-0.20120183388,-1.0,flatNominal,Boss,12.0,5.0,-44.8,232.7876,0,0,-1,0,1,0,0,0,0,1,25.1212853193,144.567975998,,,,,-39.3299948425,240.16689817,-39.5978887699,240.836463478,-38.8524799708,240.741280652,105,62.000705719,437,413,2481,2504,1873,1897,2493.38808414,1884.12493092,8.40166837009,9.34182720723,0.0182626861913,2.04321849802e-05,2.30469604076e-05,-4.40824281115e-07,3.05649828911,2.89850187302,1.55138099194,0.11902448535,0.107045896351,-0.000465370801976,470793.28125,471202.5,19006.390625,26753.5136719,2494,1884,2493,1884,0,2493.28877259,1883.89325331,2493.48,1883.99,2493.47243831,1884.28099782,3793.60938799,5088.32048096,3793.44986469,5088.51564657,3793.44488841,5088.29737617,3793.70878003,5088.17353291,105,-39.3681697959,240.237974618,0.0806795422806,False,25.9621211625,144.276017679,-39.642465581,240.904942893,-38.8961791743,240.816905133
280,280,R+12C7,1287,FTO307,flatNominal,307,307,7.36490230716,14.3361985965,0.0,14.965,0.376,14.9818272198,-0.3748339495,0.610387221189,0.596268040907,0.101485337814,-0.254367326993,-1.0,flatNominal,Boss,12.0,6.0,-22.4,232.7876,0,0,-1,0,1,0,0,0,0,1,84.2902743816,27.5667786598,,,,,-2.12831092351,237.64777064,-1.69706938727,238.240052619,-1.38744465612,237.555825097,140,62.000705719,434,416,2358,2381,2154,2178,2369.69181036,2165.82664851,8.25281721962,9.33325186368,-0.0396756427933,2.2254136862e-05,2.42521395841e-05,-4.94309797261e-07,3.0552752018,2.87251853943,-1.53414022923,0.121173217893,0.10714598,0.00103021448012,451890.25,452416.40625,19030.3496094,27163.5371094,2370,2166,2370,2166,0,2369.78246245,2165.49068723,2369.81,2165.65,2369.82065982,2165.9390475,4100.58583929,5067.7757934,4100.24602564,5067.85072317,4100.37424102,5067.75330725,4100.6259399,5067.6095777,140,-2.14654786282,237.738296699,0.0923447529251,False,84.6015771001,27.4757107019,-1.71758613308,238.332231914,-1.40533364716,237.649199587
281,281,R+12C9,452,FTO309,flatNominal,309,309,7.486939768,14.3028372235,0.0,14.965,0.376,14.9473122719,-0.3748339495,1.23242821121,-0.0934774501183,0.0862010441362,-0.202672201719,-1.0,flatNominal,Boss,12.0,8.0,22.4,232.7876,0,0,-1,0,1,0,0,0,0,1,95.4798817635,73.1681889296,,,,,32.1689515883,247.652718784,31.9163156735,248.371057588,32.6521168419,248.220521493,168,62.000705719,413,399,2156,2179,2367,2392,2167.71513691,2379.79548881,8.64397764384,9.94546562858,-0.0802331723066,2.63570586581e-05,2.91748557218e-05,-5.67954104609e-07,3.15442442894,2.93922615051,-1.50945866108,0.115696147084,0.100555866957,0.00186671374831,396240.3125,396912.375,15598.9296875,21498.7421875,2168,2379,2168,2379,0,2167.91855025,2379.44553253,2167.88,2379.48,2167.71927537,2379.55529824,4383.69045037,5147.95696591,4383.28609799,5147.93837716,4383.33172383,5147.95929838,4383.47555396,5148.0643352,168,32.1592294444,247.676733129,0.0259076983319,False,95.6552417414,73.0213569609,31.9062358944,248.394946054,32.6421119247,248.244776339
282,282,R+12C10,885,FTO310,flatNominal,310,310,7.40601129639,14.339531422,0.0,14.965,0.376,14.9852752882,-0.3748339495,0.376155717896,0.429010261888,0.074965782226,-0.203956772768,-1.0,flatNominal,Boss,12.0,9.0,44.8,232.7876,0,0,-1,0,1,0,0,0,0,1,84.4095790386,123.728370667,,,,,45.031919197,244.588104608,44.4001914541,244.953490707,45.0474346527,245.334592988,186,62.000705719,439,427,2129,2153,2471,2498,2141.24573535,2485.59663248,8.51596769988,11.3827510689,-0.192771588553,2.40004234602e-05,3.21110241259e-05,-1.19010931242e-06,3.37574529648,2.91600131989,-1.50395417213,0.117471501231,0.0878859162331,0.00397885683924,422178.0625,422941.5625,15645.2773438,21948.7148438,2141,2485,2141,2485,0,2141.53488934,2485.14210915,2141.41,2485.35,2141.24739446,2485.27937596,4489.74375748,5122.51669719,4489.20704528,5122.47042085,4489.44801822,5122.48325379,4489.46167087,5122.66189224,186,45.033888093,244.593697087,0.00592894306841,False,84.4464183406,123.684510731,44.4022051267,244.95916059,45.0494950181,245.34018356
283,283,R+12C11,1176,FTO311,flatNominal,311,311,7.37799449868,14.3443644869,0.0,14.965,0.376,14.9902754717,-0.3748339495,-0.602880425337,-0.0652467249167,0.119396341386,-0.210288889183,-1.0,flatNominal,Boss,12.0,10.0,67.2,232.7876,0,0,-1,0,1,0,0,0,0,1,142.567509413,97.1054184437,,,,,59.2395072416,245.866201007,58.513864682,245.863496222,58.8788524289,246.520134946,201,62.000705719,429,409,2068,2090,2570,2599,2078.93023277,2585.05319649,7.99470613132,13.2185199185,-0.226989540684,2.99363762127e-05,4.76792354975e-05,-9.00144075101e-07,3.6370818615,2.8257496357,-1.52745234966,0.125143781304,0.0756883397698,0.00429795915261,353030.09375,353672.625,12305.1933594,17647.6933594,2079,2584,2079,2584,0,2079.1285174,2584.44448158,2079.08,2584.81,2078.89647601,2584.55636607,4606.7426462,5131.79516828,4606.11121679,5131.9007502,4606.46101473,5131.77245921,4606.31769933,5132.05478367,201,59.2390435236,245.80061152,0.0655911260756,False,142.30699905,97.5747337935,58.5134156398,245.795262274,58.8760079571,246.453226772
284,284,R+12C12,954,FTO312,flatNominal,312,312,7.45952883324,14.3461644091,0.0,14.965,0.376,14.9921376319,-0.3748339495,0.427173906222,-5.81768904831,0.12468632653,-0.234252264556,-1.0,flatNominal,Boss,12.0,11.0,89.6,232.7876,0,0,-1,0,1,0,0,0,0,1,100.43985486,77.6154094934,,,,,98.5231518156,248.298017697,98.2292387047,248.959794526,98.9773926816,248.890847462,242,62.000705719,448,430,1903,1923,2849,2877,1912.81801574,2863.25374232,7.18963730241,19.1066087906,-0.286397518193,3.09403397423e-05,6.43762786858e-05,-1.47689553698e-06,4.37189769745,2.68006682396,-1.54678201675,0.139172181487,0.0523691810668,0.00417222827673,337348.6875,338098.59375,11020.9316406,16367.9316406,1913,2863,1913,2863,0,1913.00540261,2862.82884279,1912.98,2863.08,1913.05531845,2863.16862428,4930.2232103,5150.4803763,4929.75981275,5150.51064456,4929.99211994,5150.42122929,4930.03802998,5150.30930348,242,98.5713172717,248.338255448,0.0627613559139,False,100.813606837,77.0100775297,98.2800813459,249.001214817,99.0279505399,248.92924441
285,285,R+12C13,402,FTO313,flatNominal,313,313,7.39407845023,14.3134936617,0.0,14.965,0.376,14.9583371901,-0.3748339495,0.111862379029,1.72137848842,0.0813476639215,-0.226226786522,-1.0,flatNominal,Boss,12.0,12.0,112.0,232.7876,0,0,-1,0,1,0,0,0,0,1,300.672454834,108.059785366,,,,,116.476561816,219.830032649,117.218587082,219.706602451,116.736514373,219.130927268,281,62.000705719,427,402,2040,2061,3089,3117,2050.85573534,3101.89190415,7.42045507764,14.979565379,0.321413223503,2.67980473867e-05,5.13729488908e-05,7.09316106395e-07,3.87210631371,2.7215461731,1.52837836742,0.134887993336,0.0668197125196,-0.00578852370381,355251.78125,355749.75,13907.2724609,20249.0859375,2051,3102,2051,3102,0,2050.96431525,3101.83130944,2050.94,3101.64,2050.77531317,3102.48419405,5078.01568135,4917.75742983,5077.91175446,4917.68916185,5077.74865866,4917.79672353,5078.578059,4917.5549294,281,116.435133197,219.884888603,0.0687423170648,False,300.121084641,108.577731658,117.177086332,219.76102556,116.694677881,219.185631696
286,286,R+12C14,654,FTO314,flatNominal,314,314,7.3260092402,14.3062487989,0.0,14.9633445035,0.360961642565,14.9608184625,-0.391851455118,-1.1317496163,4.80307970831,0.236087861665,-0.250691487822,0.026388598204,flatNominal,ApogeeBoss,12.0,13.0,134.4,232.7876,0,0,-1,0,1,0,0,0,0,1,189.821476936,151.884334087,,,,,129.430778723,225.950577721,129.614160916,225.223639592,128.886370256,225.416135556,293,62.000705719,426,399,1946,1970,3161,3190,1958.25465133,3173.52457784,8.2048987722,12.138448298,0.335743864475,3.05526251433e-05,4.95863410459e-05,3.91480498103e-07,3.48810839653,2.85944890976,1.48625731468,0.122016511858,0.0824761986732,-0.00674984045327,350439.5625,351015.9375,13294.5185547,18618.1464844,1958,3173,1958,3174,0,1958.43446123,3173.77095564,1958.36,3173.39,1958.40756955,3174.18968581,5184.34328591,4966.75376855,5184.47863024,4966.48042712,5184.17086054,4966.72335853,5184.86236107,4966.31069567,293,129.419580741,225.992314945,0.043213315352,False,189.076195424,152.192555719,129.597412471,225.263999115,128.871111356,225.462041109
287,287,R+12C15,938,FTO315,flatNominal,315,315,7.4351428898,14.3356859562,0.0,14.9795549789,0.380531649108,14.9877419814,-0.369675113325,0.195891938964,1.6726240055,0.212654595043,-0.354967047708,0.0189255196125,flatNominal,ApogeeBoss,12.0,14.0,156.8,232.7876,0,0,-1,0,1,0,0,0,0,1,32.8510066867,39.1566574574,,,,,174.271379013,222.361405072,174.995599652,222.548156565,174.795121644,221.825186454,343,62.000705719,410,392,1805,1827,3504,3528,1816.47910999,3515.05768569,8.22614269178,8.88235226786,0.227860786294,2.47512181336e-05,2.56698144025e-05,-1.90821222001e-07,2.99227571487,2.85565781593,1.26729202271,0.121650099754,0.11266284436,-0.00624142959714,410837.65625,411366.34375,17734.1855469,25293.9980469,1817,3515,1817,3515,0,1816.5701494,3514.5880662,1816.65,3514.75,1816.7288997,3514.95616046,5552.73174839,4934.58066496,5552.27323748,4934.71704086,5552.38123112,4934.56597913,5552.52624671,4934.40610457,343,174.357277292,222.477478253,0.144400476925,False,33.4497045651,38.8629585989,175.080493552,222.66808228,174.883866907,221.944055226
288,288,R+11C1,343,FTO316,flatNominal,316,316,7.39176035161,14.3069753164,0.0,14.9486097865,0.384813040264,14.9507411389,-0.372667126081,-0.0113140377477,0.490786885681,0.233499920742,-0.190293241164,0.0165828666446,flatNominal,ApogeeBoss,11.0,0.0,-168.0,213.3887,0,0,-1,0,1,0,0,0,0,1,88.0445301533,85.9766703844,,,,,-159.431791997,227.142638981,-159.753343435,227.818198409,-158.999145448,227.747727557,17,62.000705719,409,387,3036,3059,1047,1070,3047.36465572,1058.69376923,7.90121463641,8.76557470955,0.0498282369186,2.31342763081e-05,2.36644568398e-05,-7.3219255501e-07,2.96115469933,2.81040072441,1.51340222359,0.126567363739,0.114086739719,-0.00143895368092,423617.90625,424175.625,17401.8378906,23957.4003906,3047,1059,3047,1059,0,3047.43538329,1058.56575072,3047.41,1058.67,3047.41766828,1058.60735029,2805.57731922,4978.6880239,2805.43110486,4978.68449029,2805.54051633,4978.66030342,2805.47618184,4978.68096736,17,-159.449626225,227.178846866,0.0403617478194,False,88.3112928337,85.7860844819,-159.77207556,227.853978184,-159.017784545,227.784510126
289,289,R+11C2,396,FTO317,flatNominal,317,317,7.41059097485,14.331845041,0.0,14.965,0.376,14.9773231264,-0.3748339495,1.5344596985,0.945416738916,0.182594806754,-0.264244542426,-1.0,flatNominal,Boss,11.0,1.0,-145.6,213.3887,0,0,-1,0,1,0,0,0,0,1,313.420050144,58.8201892376,,,,,-147.466796054,194.10873424,-146.942253792,193.591900981,-147.665313046,193.389197269,39,62.000705719,411,389,3231,3254,1256,1279,3241.50605766,1267.89191589,7.96810802992,8.89810968146,0.0636722720939,2.23736325963e-05,2.28329508408e-05,-2.60763242016e-07,2.98369717598,2.82201504707,1.50275480747,0.125507488847,0.112389847636,-0.0017961896956,433709.15625,434339.03125,18045.2695312,25045.5195312,3241,1268,3241,1268,0,3241.54836835,1267.76507467,3241.49,1267.84,3241.50635833,1267.80883617,2901.3280922,4709.82646475,2901.19605876,4709.84758487,2901.29368534,4709.8630734,2901.25428426,4709.86460551,39,-147.479481179,194.168276267,0.0608782839944,False,312.877793732,59.5139188018,-146.953574397,193.652831548,-147.676095235,193.448216991
290,290,R+11C3,514,FTO318,flatNominal,318,318,7.33142223547,14.3289523593,0.0,14.9664554955,0.395567052756,14.9838369451,-0.359449304383,0.984805727284,3.08879737847,0.144520381177,-0.243874634693,0.0116854218772,flatNominal,ApogeeBoss,11.0,2.0,-123.2,213.3887,0,0,-1,0,1,0,0,0,0,1,57.1756464243,79.6227425337,,,,,-108.173262278,220.492057412,-108.077819083,221.236217434,-107.481155536,220.773243972,55,62.000705719,435,410,2887,2911,1444,1468,2899.33818537,1455.51879254,8.1489759541,9.117710601,-0.0264304298736,2.16221628712e-05,2.24991414285e-05,-7.5915839739e-07,3.01967406273,2.85451483727,-1.54353988171,0.122715957463,0.109677687287,0.000711458327714,464495.09375,464990.78125,19305.8046875,27930.9296875,2899,1455,2899,1455,0,2899.44320691,1455.42647199,2899.41,1455.43,2899.27996237,1455.55778375,3225.88433672,4926.49658686,3225.75392272,4926.44614089,3225.76928506,4926.47815769,3225.94582746,4926.53018926,55,-108.183636982,220.524303148,0.0338736176085,False,57.3213550987,79.5810297298,-108.089544647,221.26863518,-107.492041754,220.806745466
291,291,R+11C4,630,FTO319,flatNominal,319,319,7.39605521092,14.3098721583,0.0,14.9549095431,0.366288179906,14.9473339132,-0.381066527884,0.669431667484,4.16831424492,0.0917543495691,-0.245800147351,0.0159922966503,flatNominal,ApogeeBoss,11.0,3.0,-100.8,213.3887,0,0,-1,0,1,0,0,0,0,1,39.8158639669,21.9421313703,,,,,-83.1113611188,201.987596911,-82.3738985537,202.067529531,-82.6777122259,201.384672517,83,62.000705719,441,431,2926,2950,1696,1720,2937.82831243,1707.7235148,8.30112355507,9.3065120182,0.0523944559132,2.05915537131e-05,2.31401214928e-05,1.52803282258e-07,3.05110383034,2.88069438934,1.51887011528,0.120469897985,0.107455462217,-0.00135645980481,472949.59375,473586.4375,19882.3496094,28061.2851562,2938,1708,2938,1708,0,2937.83317671,1707.46107489,2937.88,1707.62,2937.7363425,1707.76071692,3431.72701783,4775.77332244,3431.4920568,4775.89033389,3431.61663462,4775.77601656,3431.80252319,4775.83767619,83,-83.0787227217,202.017438733,0.0442244195553,False,40.1362905285,21.6343536153,-82.3412778208,202.097534156,-82.6449407359,201.414610087
292,292,R+11C5,786,FTO320,flatNominal,320,320,7.41371877159,14.3668767457,0.0,15.0154815233,0.377780228177,15.0136601303,-0.383634583397,-1.01946288384,3.24203672451,0.108444655349,-0.196476928844,0.0216513150652,flatNominal,ApogeeBoss,11.0,4.0,-78.4,213.3887,0,0,-1,0,1,0,0,0,0,1,127.353869677,126.602926254,,,,,-86.5751196906,221.104866038,-87.2951915936,220.892963908,-87.1115337917,221.631899389,70,62.000705719,442,422,2801,2824,1598,1623,2812.8900962,1610.64263584,8.13956744147,9.32085284401,-0.0875159420626,2.14981471269e-05,2.36062733487e-05,-8.04439786281e-07,3.05406308174,2.85186243057,-1.4972461462,0.122869051993,0.107297152281,0.00230729975738,467013.0625,467617.84375,19771.5527344,27642.8652344,2813,1611,2813,1611,0,2812.936991,1610.3769794,2812.95,1610.55,2812.86169267,1610.73310724,3403.40123227,4931.43932645,3403.14398855,4931.52055535,3403.29457166,4931.43211353,3403.49458643,4931.42268809,70,-86.6188166834,221.0675596,0.0574560487075,False,127.692394695,126.562032371,-87.3377781201,220.851919829,-87.1579612851,221.591799372
293,293,R+11C6,322,FTO321,flatNominal,321,321,7.39676536599,14.3478137531,0.0,14.9930846925,0.373522906103,15.0066376928,-0.357934442009,-0.372359698871,2.06565146346,0.084418446785,-0.217664131439,0.0127468476628,flatNominal,ApogeeBoss,11.0,5.0,-56.0,213.3887,0,0,-1,0,1,0,0,0,0,1,301.323244572,38.0557259917,,,,,-67.2152706121,195.928097154,-67.0712546887,195.196555384,-67.7675572531,195.421001981,101,62.000705719,435,411,2910,2933,1835,1860,2921.61395586,1846.43323733,8.30658312851,9.32657362462,-0.0408365972207,2.17398409851e-05,2.38670637088e-05,-8.6607871717e-07,3.05421113968,2.88183116913,-1.53084528446,0.120389036834,0.107222817838,0.00105425179936,457923.3125,458462.625,18898.2402344,25715.3652344,2922,1846,2922,1846,0,2921.49313554,1846.17783489,2921.66,1846.27,2921.56526534,1846.56422258,3562.22035832,4726.02615596,3562.04974101,4726.25136184,3562.05250176,4726.05936327,3562.35901574,4726.00877724,101,-67.2378036854,195.923239824,0.0230506625008,False,301.46703085,37.7763716176,-67.0955190715,195.191359345,-67.7912886221,195.41745284
294,294,R+11C7,757,FTO322,flatNominal,322,322,7.37877038215,14.3299720812,0.0,14.9627888896,0.389215958546,15.0040791771,-0.342291836058,0.708165684814,0.542435228163,0.0760137706359,-0.258768983875,0.0119130692581,flatNominal,ApogeeBoss,11.0,6.0,-33.6,213.3887,0,0,-1,0,1,0,0,0,0,1,117.895832062,101.617773771,,,,,-36.7373011832,227.698860918,-37.4452907591,227.924020719,-36.9182048761,228.432930351,112,62.000705719,447,426,2562,2586,1938,1962,2574.14468517,1950.04655301,8.67058448768,9.2969781437,-0.00280793311538,2.44598520881e-05,2.39926261824e-05,-7.58188645404e-07,3.04909682274,2.94458341599,-1.56631374359,0.115332491696,0.107561841607,6.9666923082e-05,455611.8125,456100.8125,19193.171875,27891.734375,2574,1950,2574,1950,0,2574.26355468,1949.80916052,2574.23,1949.89,2574.16408617,1950.17378935,3814.73040476,4986.23624358,3814.46494986,4986.24058434,3814.55411489,4986.23196119,3814.83425955,4986.16021945,112,-36.7647512299,227.71700748,0.0329059688066,False,118.147324326,101.429034788,-37.4729869877,227.94139172,-36.9464588047,228.450878338
295,295,R+11C8,910,FTO323,flatNominal,323,323,7.43312606069,14.3155935043,0.0,14.962230533,0.370559138095,14.9482578631,-0.387944310513,0.0685887449604,3.18854051648,0.0807438077044,-0.246519777453,0.017866348752,flatNominal,ApogeeBoss,11.0,7.0,-11.2,213.3887,0,0,-1,0,1,0,0,0,0,1,96.8558979034,39.5057228208,,,,,5.20704130054,225.109010638,5.34370489699,225.841661021,5.91244269177,225.339605209,155,62.000705719,432,413,2421,2444,2255,2280,2432.98173796,2266.64509224,8.75898689244,9.16869945663,-0.0293536145561,2.25311182085e-05,2.43922934647e-05,-4.5034636294e-07,3.02833151817,2.9592051506,-1.49963629246,0.114169679582,0.109067894518,0.000731029023882,449585.5625,450226.96875,18461.171875,26452.421875,2433,2266,2433,2266,0,2433.14106549,2266.37775504,2433.11,2266.39,2433.08670352,2266.60788186,4160.72553725,4965.04707171,4160.41482603,4965.02938059,4160.44379722,4965.04918921,4160.64401675,4964.97119821,155,5.15254123872,225.158897278,0.0738845960129,False,96.888497408,39.7561947726,5.28558350159,225.892213907,5.85679476644,225.392974076
296,296,R+11C9,598,FTO324,flatNominal,324,324,7.39443975444,14.3360129755,0.0,14.9767196226,0.367174362328,14.9753553668,-0.376429430224,0.460026186972,1.01175725679,0.0689894977852,-0.194725992018,0.0222861996765,flatNominal,ApogeeBoss,11.0,8.0,11.2,213.3887,0,0,-1,0,1,0,0,0,0,1,57.8396862745,143.089263439,,,,,11.8333265375,222.688344491,11.2496968246,223.14078054,11.9377090292,223.422893404,162,62.000705719,440,419,2413,2436,2311,2338,2425.30240032,2324.74976299,9.06777377118,9.94412833288,0.0286551864789,2.68116495668e-05,2.9086375378e-05,-7.41477455172e-08,3.15357971191,3.01111912727,1.53814470768,0.110281653702,0.100562773645,-0.000635579344817,421922.875,422493.4375,15999.0566406,22470.6816406,2425,2324,2425,2324,0,2425.5364261,2324.46400126,2425.43,2324.47,2425.43201495,2324.61449336,4215.79858219,4944.99502168,4215.43700081,4944.91961126,4215.48831759,4945.00882578,4215.61871486,4944.94262354,162,11.8239069286,222.718401071,0.0314980479304,False,58.2530313584,142.837198621,11.2390059802,223.169192487,11.9262213486,223.453240896
297,297,R+11C10,1069,FTO325,flatNominal,325,325,7.3834331949,14.3558067783,0.0,14.9965317722,0.387113980438,15.0021134164,-0.3748339495,1.19057675124,0.00522469804539,0.087198662502,-0.241386050498,0.0199048313304,flatNominal,ApogeeBoss,11.0,9.0,33.6,213.3887,0,0,-1,0,1,0,0,0,0,1,90.5166041851,139.223524332,,,,,29.5923221694,222.568336948,28.8508815517,222.671543353,29.3267189552,223.266669027,182,62.000705719,425,404,2347,2370,2441,2468,2358.91134302,2455.47741993,8.64625492165,10.9841659286,-0.0545147310246,2.86541035659e-05,3.90757719647e-05,-8.0615755424e-07,3.31442856789,2.94023537636,-1.54749548435,0.115660630167,0.0910429880023,0.001148054027,372076.25,372660.0,14547.4589844,20614.0839844,2359,2455,2359,2455,0,2359.11967591,2455.01182877,2359.06,2455.2,2359.02077458,2455.1859988,4362.41047237,4943.43091264,4361.90130926,4943.46141907,4362.09433795,4943.42526319,4362.10147197,4943.46859946,182,29.5856413598,222.571263738,0.00729378597206,False,90.6001328725,139.180243498,28.8441284269,222.673949287,29.3195476626,223.26940907
298,298,R+11C11,906,FTO326,flatNominal,326,326,7.36016721612,14.3194166883,0.0,14.9606066004,0.372586769237,14.9614207411,-0.363524566354,0.166565548563,-0.277532750834,0.0644316847501,-0.22088780938,0.0142877138023,flatNominal,ApogeeBoss,11.0,10.0,56.0,213.3887,0,0,-1,0,1,0,0,0,0,1,80.8652812243,29.7465535998,,,,,76.4618258255,217.191893838,76.9319192623,217.765442062,77.190483905,217.076236079,236,62.000705719,445,424,2210,2230,2805,2833,2220.32808993,2819.78879058,7.23611023151,18.4050458834,-0.294838983915,3.26041380128e-05,6.49057770107e-05,-1.42157881561e-06,4.29101657867,2.68855571747,-1.5444227457,0.138286054134,0.0543684139848,0.00443053711206,329963.1875,330625.65625,10238.2021484,14916.0761719,2220,2819,2220,2819,0,2220.57419339,2819.25667135,2220.45,2819.65,2220.4221846,2819.5039787,4749.52123299,4897.89683931,4748.93561655,4897.92460921,4749.3404628,4897.84842447,4749.22518337,4897.94507032,236,76.5297749318,217.186798167,0.0681399069053,False,81.8709063513,28.1743779014,77.0055166384,217.755670062,77.2572537637,217.063941082
299,299,R+11C12,1300,FTO327,flatNominal,327,327,7.41824895243,14.3166570603,0.0,14.9349186235,0.423659080993,14.953464623,-0.395681598547,0.974110111568,0.545789613293,-0.0124347010081,-0.133892124569,0.0699162610074,flatNominal,ApogeeBoss,11.0,11.0,78.4,213.3887,0,0,-1,0,1,0,0,0,0,1,330.92004776,84.3710196018,,,,,86.752525287,199.020672611,87.5018415618,199.036781545,87.0688525514,198.340948504,256,62.000705719,112,106,2309,2318,2956,2971,2313.8999882,2962.94626544,2.81338739667,9.14180565444,0.0585130491481,0.000249701768527,0.000865369451999,4.28781838112e-06,3.0236313343,1.6771543026,1.56155133247,0.355490744114,0.109402142465,-0.00455070845783,26202.4101562,26648.4121094,1142.03137207,1685.28137207,2314,2963,2314,2963,0,2313.93228785,2962.59197839,2313.95,2962.63,2313.9430932,2963.11232141,4833.20483726,4748.74316979,4832.87574974,4748.87831411,4832.90676614,4748.84525258,4833.33215617,4748.62818057,256,86.6321447911,199.019121944,0.12039048288,False,330.146841647,84.9081146781,87.3815210869,199.032142881,86.9456682922,198.338100055
300,300,R+11C13,866,FTO328,flatNominal,328,328,7.36262166298,14.3482829543,0.0,14.9864640123,0.38408525746,14.9896233128,-0.379651315446,-0.447486064999,0.349010276539,0.0907145756425,-0.233894909842,0.0162826150999,flatNominal,ApogeeBoss,11.0,12.0,100.8,213.3887,0,0,-1,0,1,0,0,0,0,1,222.048690319,83.0427628756,,,,,83.9233179189,210.575240746,83.6207694283,209.894607982,83.1801966403,210.518466261,246,62.000705719,459,433,2230,2250,2885,2914,2240.14011224,2899.17240275,7.21485459369,19.2719125848,0.0925510244403,3.01572389112e-05,6.41669898534e-05,3.28266113676e-07,4.39005947113,2.68591594696,1.56312084198,0.138611465693,0.0518921837211,-0.00133132957853,348330.96875,349139.875,11150.0537109,16114.7412109,2240,2899,2240,2899,0,2240.31662269,2898.75674838,2240.26,2898.89,2240.18964047,2899.1573621,4810.75374122,4843.63032988,4810.30356972,4843.66596855,4810.45337527,4843.65474081,4810.71750761,4843.59336514,246,83.9317886061,210.594022893,0.0206039216821,False,221.909984901,83.1475288439,83.6288369922,209.913569465,83.1886338272,210.53768861
301,301,R+11C14,895,FTO329,flatNominal,329,329,7.39851369805,14.2847454068,0.0,14.9279735019,0.377885263976,14.932426789,-0.369755310071,-0.284180078482,-0.367726650834,0.13145620896,-0.197132007989,0.0423068508283,flatNominal,ApogeeBoss,11.0,13.0,123.2,213.3887,0,0,-1,0,1,0,0,0,0,1,291.934719086,87.5602895021,,,,,120.739963766,197.008425779,121.305345216,196.521719017,120.599211583,196.276033135,305,62.000705719,419,399,2188,2211,3208,3236,2199.74897216,3219.94849929,8.23590554317,10.4054254523,0.215891511672,2.69609672721e-05,3.71332554624e-05,-3.76916133947e-07,3.22904014587,2.86611771584,1.47256863117,0.121485628188,0.0961560085416,-0.00504116155207,379854.8125,380600.75,16559.7734375,23852.5859375,2200,3220,2200,3220,0,2199.90380911,3219.99535415,2199.9,3219.84,2199.82406323,3220.53300414,5113.86688569,4731.15291012,5113.83685272,4730.99395139,5113.70442545,4731.06629698,5114.3504671,4730.81611106,305,120.721679139,197.055624546,0.0506167092645,False,291.542648762,87.953347051,121.287068974,196.568927526,120.580939575,196.323229477
302,302,R+11C15,432,FTO330,flatNominal,330,330,7.3901381994,14.337969507,0.0,14.965,0.376,14.9836593651,-0.3748339495,-0.7937359103,0.269205805565,0.113816339905,-0.24258499519,-1.0,flatNominal,Boss,11.0,14.0,145.6,213.3887,0,0,-1,0,1,0,0,0,0,1,246.931006908,56.5927487612,,,,,126.574067141,208.455684911,126.252970521,207.798843834,125.828396357,208.418389289,304,62.000705719,435,417,2083,2106,3207,3234,2095.00667091,3218.9811457,8.44726798104,10.887326107,0.356857952115,2.57926882676e-05,3.47176882313e-05,1.006218189e-07,3.30733203888,2.89761090279,1.42851555347,0.118545621634,0.091977275908,-0.00777122797444,403550.40625,404154.6875,17176.3613281,24998.8613281,2095,3219,2095,3219,0,2095.13456507,3219.00162216,2095.1,3218.86,2094.9670925,3219.59401226,5161.43098578,4824.4778362,5161.39001791,4824.35496296,5161.27669453,4824.44740805,5161.99272741,4824.22960606,304,126.55168599,208.52210988,0.0700941686556,False,246.771025022,56.5263816976,126.227997009,207.866542429,125.805873687,208.48776034
303,303,R+11C16,678,FTO331,flatNominal,331,331,7.36547149092,14.3483670993,0.0,14.9828959845,0.382035282499,14.9942794045,-0.367528013753,0.352170353178,1.19416038076,0.235036605382,-0.306403399224,0.0212464401153,flatNominal,ApogeeBoss,11.0,15.0,168.0,213.3887,0,0,-1,0,1,0,0,0,0,1,257.808308601,128.480526209,,,,,167.184492829,201.976663015,167.818604787,201.593936104,167.161085295,201.233876616,350,62.000705719,436,416,1978,2002,3530,3555,1990.19994368,3541.35945197,8.47956341548,9.19425328904,0.242408664738,2.32983611314e-05,2.60115970735e-05,1.53641291354e-08,3.04445648193,2.89915537834,1.2727689743,0.118019551039,0.108845628798,-0.00622322689742,441191.71875,441734.84375,18953.8359375,27834.2109375,1990,3541,1990,3541,0,1990.37784082,3540.92540408,1990.32,3541.05,1990.3482317,3541.23627355,5495.74387699,4768.37869903,5495.27675442,4768.42161133,5495.41269843,4768.41644001,5495.56609862,4768.304153,350,167.252001929,202.007595129,0.0742581587316,False,257.852558465,128.74683231,167.888179027,201.628310851,167.232620787,201.264692767
304,304,R+10C1,1177,FTO332,flatNominal,332,332,7.42688622688,14.3166394172,0.0,14.9662769073,0.36430588586,14.9565426519,-0.380294893437,-0.577959170068,4.61998719783,0.177591367178,-0.233666778034,0.0164314848567,flatNominal,ApogeeBoss,10.0,0.0,-179.2,193.9897,0,0,-1,0,1,0,0,0,0,1,15.1202452183,120.537207127,,,,,-168.308861725,197.541924107,-168.166520767,198.273010079,-167.604937787,197.783980804,19,62.000705719,419,398,3285,3308,1092,1116,3296.16932065,1104.27736031,7.85395896604,8.85001712177,0.089191356422,2.03132292395e-05,2.22935534237e-05,-2.20621515102e-07,2.97622919083,2.80107760429,1.48219132423,0.127338901162,0.113007068634,-0.00256666820496,455504.59375,456064.15625,20421.7832031,30520.2207031,3296,1104,3296,1104,0,3296.14657478,1104.20732032,3296.17,1104.24,3296.22148525,1104.14837904,2730.97623821,4736.99337402,2730.92464724,4737.04592255,2730.93824007,4737.01030373,2730.83775171,4737.00674576,19,-168.288964012,197.594546543,0.0562586861913,False,15.619883675,120.26137336,-168.149479849,198.326182938,-167.585990946,197.839351004
305,305,R+10C2,691,FTO333,flatNominal,333,333,7.4012107345,14.3425734345,0.0,14.965,0.376,14.988422488,-0.3748339495,-1.34388921305,3.62598033353,0.156498506239,-0.341715076944,-1.0,flatNominal,Boss,10.0,1.0,-156.8,193.9897,0,0,-1,0,1,0,0,0,0,1,271.610076427,80.4054486752,,,,,-165.96794051,179.527218447,-165.655646188,178.870512207,-166.405091874,178.92180935,27,62.000705719,429,412,3408,3431,1177,1201,3418.80587436,1188.87801033,7.82992886896,9.08117836023,0.221886235762,2.18429447128e-05,2.41742132811e-05,6.3920225787e-07,3.01982784271,2.79136991501,1.40038466454,0.127803578973,0.110194168985,-0.00624541286379,448335.40625,448866.75,19862.4648438,28400.9648438,3419,1189,3419,1189,0,3418.6816367,1188.74808505,3418.79,1188.83,3418.80740379,1188.72248772,2749.299528,4589.1378657,2749.24175436,4589.30809432,2749.26835546,4589.17225102,2749.16091501,4589.20840689,27,-165.897466001,179.506764695,0.07338264307,False,271.715356036,80.5827288314,-165.581936879,178.851606545,-166.331626427,178.899207114
306,306,R+10C3,264,FTO334,flatNominal,334,334,7.39435508985,14.3077787135,0.0,14.9432383814,0.379098656931,14.9452495207,-0.382513580766,3.59061570717,-0.249057051737,0.125404953887,-0.283171309912,0.0123987651853,flatNominal,ApogeeBoss,10.0,2.0,-134.4,193.9897,0,0,-1,0,1,0,0,0,0,1,69.8689109087,163.73650074,,,,,-139.587098397,199.562854547,-140.326485266,199.591696148,-139.912776176,200.231150629,43,62.000705719,420,401,3161,3184,1292,1317,3171.76041894,1304.9150474,8.04926250467,9.07987210578,0.0811364290268,2.17540043533e-05,2.4220010352e-05,1.29886433282e-07,3.01433587074,2.83600306511,1.49271070957,0.124246172607,0.110143631697,-0.00222049187869,439959.15625,440537.53125,19043.4023438,27052.1542969,3172,1305,3172,1305,0,3171.63623078,1304.79140771,3171.75,1304.88,3171.76120811,1304.87518595,2966.40054964,4754.55611566,2966.34832672,4754.72339458,2966.37380934,4754.57877803,2966.36483863,4754.57384364,43,-139.594072453,199.601574032,0.0393425465674,False,70.5921245985,163.256226672,-140.333574967,199.627280312,-139.922580936,200.268483206
307,307,R+10C5,572,FTO336,flatNominal,336,336,7.35144591287,14.3622664235,0.0,14.965,0.376,15.0087964243,-0.3748339495,0.139847826477,-0.145896843178,0.0981386633564,-0.18311179698,-1.0,flatNominal,Boss,10.0,4.0,-89.6,193.9897,0,0,-1,0,1,0,0,0,0,1,214.408407211,122.242512703,,,,,-99.6457370814,186.761071993,-99.5394855923,186.058665853,-100.246162413,186.31611025,72,62.000705719,393,374,3102,3124,1632,1655,3112.42712526,1644.02942356,7.85206711181,8.70117314801,0.0110730354474,2.7706216e-05,2.92259825031e-05,-9.47699601968e-07,2.94979953766,2.80212831497,1.55775845051,0.127355232835,0.114927239716,-0.000324142252794,369367.15625,369927.40625,15803.9570312,22786.4570312,3112,1644,3112,1644,0,3112.46999182,1643.88214254,3112.43,1643.95,3112.44469496,1644.12315013,3294.53159298,4650.39749502,3294.38117806,4650.42757145,3294.45963855,4650.42716306,3294.60658037,4650.33858615,72,-99.6347381888,186.750376427,0.0153417981892,False,214.458716775,122.263074448,-99.5276179486,186.048102251,-100.234612671,186.304672336
308,308,R+10C6,648,FTO337,flatNominal,337,337,7.36604533199,14.3593071447,0.0,14.965,0.376,15.0057348191,-0.3748339495,-0.558913803061,3.51119959203,0.0962618106581,-0.248697133022,-1.0,flatNominal,Boss,10.0,5.0,-67.2,193.9897,0,0,-1,0,1,0,0,0,0,1,78.4191334248,42.4745178223,,,,,-48.3214222831,200.341961951,-48.0277888268,200.991592021,-47.5757712655,200.390683484,115,62.000705719,447,427,2806,2829,1956,1981,2817.27005283,1967.94483537,8.20390383731,9.5116525128,0.0616873706537,2.25659154202e-05,2.53847545349e-05,-2.00305045746e-07,3.08456730843,2.86373877525,1.52376484871,0.121899135411,0.105139330029,-0.00158114207443,458802.0,459413.65625,19167.9550781,27030.1425781,2817,1968,2817,1968,0,2817.35312241,1967.63016837,2817.32,1967.75,2817.20343941,1968.05844931,3718.20555303,4762.37636351,3717.88812694,4762.44817263,3718.00688084,4762.41885612,3718.33709254,4762.38290816,115,-48.3647657797,200.346954952,0.0436301358369,False,78.0622892314,43.0710163718,-48.0738521292,200.997807533,-47.6193250746,200.398794927
309,309,R+10C8,956,FTO339,flatNominal,339,339,7.44164600175,14.3245076316,0.0,14.965,0.376,14.9697320029,-0.3748339495,0.1478402115,3.5352688665,0.00808760305688,-0.208608476343,-1.0,flatNominal,Boss,10.0,7.0,-22.4,193.9897,0,0,-1,0,1,0,0,0,0,1,25.6288182735,100.381361246,,,,,-8.35016088156,196.429183336,-8.09746122924,197.127573886,-7.61427918282,196.552848628,156,62.000705719,417,395,2682,2704,2265,2289,2692.79363465,2275.81497775,8.25442219293,9.35835685619,-0.0145449814012,2.58206909458e-05,2.72693908504e-05,-4.35292493191e-07,3.05917453766,2.87301778793,-1.55762374401,0.12114751339,0.106856659055,0.000376580719603,407623.59375,408104.0,16452.4765625,22628.4765625,2693,2275,2693,2275,0,2692.80869857,2275.5116511,2692.84,2275.52,2692.86758259,2275.81672277,4048.7468844,4730.42590948,4048.47095278,4730.5527784,4048.46149005,4730.52286335,4048.71424596,4730.35953121,156,-8.35535870706,196.472836772,0.0439617996112,False,25.8186752914,100.362701621,-8.10474694142,197.171979258,-7.61984979943,196.598700292
310,310,R+10C9,199,FTO340,flatNominal,340,340,7.39837973399,14.3354501622,0.0,14.965,0.376,14.981052906,-0.3748339495,0.145416295584,0.380729159408,-0.0437818147144,-0.233888282759,-1.0,flatNominal,Boss,10.0,8.0,0.0,193.9897,0,0,-1,0,1,0,0,0,0,1,50.2382683754,78.839982748,,,,,16.5102711378,198.454561407,16.75562318,199.145583385,17.246635335,198.577326067,180,62.000705719,454,432,2571,2595,2436,2464,2583.39515452,2450.66293451,8.73538739576,11.1810159077,-0.00541269696137,2.55960067327e-05,3.53264447997e-05,-1.72259905233e-07,3.34380435944,2.95556688309,-1.56858313084,0.114476926625,0.0894373357296,0.000110835884698,419577.75,420201.75,15893.3652344,22482.8652344,2583,2450,2583,2450,0,2583.56988222,2450.20353339,2583.46,2450.36,2583.54635381,2450.4137861,4254.36352317,4746.60099198,4253.87538445,4746.65843539,4254.06645059,4746.6830613,4254.07269808,4746.58209979,180,16.5204872332,198.488758133,0.0356901194368,False,50.4723251855,78.6623673297,16.7651584389,199.180021468,17.256730139,198.612248117
311,311,R+10C10,760,FTO341,flatNominal,341,341,7.34579675789,14.362907939,0.0,14.965,0.376,15.0094601222,-0.3748339495,0.0454353266923,0.956093930728,0.0108660051201,-0.212950496019,-1.0,flatNominal,Boss,10.0,9.0,22.4,193.9897,0,0,-1,0,1,0,0,0,0,1,335.556557178,65.8191454411,,,,,28.8334285712,176.678817559,29.5170039083,176.487465505,28.9923119411,175.948553025,207,62.000705719,424,404,2684,2706,2609,2637,2695.42355844,2623.84710163,7.78234738407,13.9904528397,-0.155437055233,2.92249411712e-05,4.85072607057e-05,-8.64396100846e-07,3.74090123177,2.78898882866,-1.54577946663,0.128524452448,0.071493178606,0.00285587087274,350464.125,351228.5625,12316.4355469,17454.6875,2696,2623,2695,2623,0,2695.32333178,2623.17477058,2695.53,2623.62,2695.5656475,2623.39420721,4356.14021997,4567.20025895,4355.59038086,4567.59994804,4355.88764432,4567.2168235,4355.6729396,4567.28363586,207,28.8567891643,176.650883666,0.0364145530602,False,335.865789632,65.4408888905,29.540133484,176.45870825,29.0147926711,175.920428255
312,312,R+10C12,840,FTO343,flatNominal,343,343,7.41028344352,14.3230542029,0.0,14.965,0.376,14.9682283173,-0.3748339495,-0.0975124649831,1.57745403705,0.0477898455117,-0.245356470401,-1.0,flatNominal,Boss,10.0,11.0,67.2,193.9897,0,0,-1,0,1,0,0,0,0,1,154.067577124,108.229397535,,,,,55.9679235878,202.153147996,55.2890021845,201.848950471,55.3671831991,202.595709984,222,62.000705719,446,428,2396,2418,2712,2739,2406.96029713,2726.64166371,8.12354112124,15.9057941068,0.0156102079091,3.14805121095e-05,5.24098176321e-05,2.12973707929e-07,3.98821091652,2.85017704964,1.56879043579,0.123099260032,0.0628702864051,-0.000241623274633,354457.90625,355087.34375,12167.59375,17495.90625,2407,2726,2407,2726,0,2407.01391812,2725.87148579,2407.01,2726.37,2407.16608816,2726.15214026,4580.6460532,4775.46668919,4579.93832767,4775.77519173,4580.38201927,4775.55185963,4580.11684379,4775.51051334,222,56.0268194014,202.137287427,0.0609940530482,False,153.571553904,108.674952354,55.3476303122,201.833688041,55.426469072,202.580378399
313,313,R+10C13,903,FTO344,flatNominal,344,344,7.40451221122,14.3450797887,0.0,14.965,0.376,14.9910155072,-0.3748339495,-0.0221517392508,-0.0494102082202,0.0621378563946,-0.217553467526,-1.0,flatNominal,Boss,10.0,12.0,89.6,193.9897,0,0,-1,0,1,0,0,0,0,1,3.05249333382,127.191853523,,,,,100.734996234,195.787340436,100.966123185,196.474550303,101.470360789,195.917618652,276,62.000705719,464,445,2273,2294,3065,3093,2283.65517415,3077.76342483,8.18593994758,15.8258593138,0.191309443012,3.0208965886e-05,5.27120378799e-05,-2.6227822678e-07,3.97877454758,2.86027145386,1.5457764864,0.122195199132,0.0632055774331,-0.00295429094695,371115.15625,371618.40625,13264.8105469,18899.3730469,2284,3078,2284,3078,0,2283.70770728,3077.62088897,2283.74,3077.48,2283.68285115,3078.24629645,4948.99823563,4722.48259549,4948.84755955,4722.50190667,4948.70820616,4722.53677512,4949.4136155,4722.23482428,276,100.676136791,195.885010506,0.114034540616,False,3.23274295166,127.5174068,100.901188177,196.57423394,101.410322621,196.021775304
314,314,R+10C15,1013,FTO346,flatNominal,346,346,7.41325739782,14.3071399378,0.0,14.9453590215,0.39386672278,14.9579983291,-0.362188814533,5.80677015624,2.10661944343,0.103447749903,-0.228923650649,0.0173541668291,flatNominal,ApogeeBoss,10.0,14.0,134.4,193.9897,0,0,-1,0,1,0,0,0,0,1,91.3790524006,149.652081728,,,,,128.174212533,199.953710546,127.437100249,199.815435186,127.696934199,200.52555211,307,62.000705719,410,393,2138,2162,3251,3277,2150.62033975,3262.84969368,8.21935483662,9.77652404045,0.387488979473,2.76946334278e-05,3.38026182438e-05,1.23430743357e-06,3.14127659798,2.85101032257,1.33989989758,0.121891804039,0.102477319539,-0.00966227520257,377850.0,378536.625,16662.2597656,23572.5722656,2151,3263,2151,3263,0,2150.69062282,3262.7772613,2150.74,3262.72,2150.68824958,3263.35795426,5174.62042847,4754.88352419,5174.52370925,4754.85468751,5174.45130889,4754.83868699,5175.03972194,4754.58834028,307,128.120073662,200.01505154,0.0818152484189,False,92.5472749009,148.862808401,127.383892034,199.871904045,127.639023686,200.583723944
315,315,R+10C16,819,FTO347,flatNominal,347,347,7.374541846,14.3330266504,0.0,14.965,0.376,14.9785455936,-0.3748339495,-0.0924935986557,-0.022514357346,0.121041339415,-0.242293624844,-1.0,flatNominal,Boss,10.0,15.0,156.8,193.9897,0,0,-1,0,1,0,0,0,0,1,307.40960598,40.6079015136,,,,,147.688931819,175.383295738,147.924135366,174.686556471,147.187136821,174.830668399,339,62.000705719,433,409,2244,2267,3486,3510,2255.90550202,3497.25714173,8.61799969422,8.91139085317,0.307895792872,2.47085037628e-05,2.58430491749e-05,2.86837132513e-07,3.01757383347,2.90235066414,1.00771176815,0.11617962271,0.112354621291,-0.00802820082754,432840.25,433393.1875,19001.8476562,28274.2207031,2256,3497,2256,3497,0,2256.05015758,3496.8757498,2256.02,3496.97,2255.97451161,3497.30604571,5333.80277015,4553.15896151,5333.39770642,4553.20700738,5333.49128124,4553.19165941,5333.81423177,4553.07516083,339,147.376671596,175.526922345,0.343707795926,False,306.547934139,40.4631754288,147.599601295,174.826159429,146.865247629,174.983193808
316,316,R+10C17,1091,FTO348,flatNominal,348,348,7.39862731813,14.319809862,0.0,14.9632153998,0.376886929063,14.9707240542,-0.367294289976,0.620187301447,0.384362665538,0.119685753071,-0.30219140193,0.0403723626611,flatNominal,ApogeeBoss,10.0,16.0,179.2,193.9897,0,0,-1,0,1,0,0,0,0,1,316.148650646,32.9508197308,,,,,171.369164896,174.372651477,171.62986861,173.674047142,170.895469338,173.794545173,367,62.000705719,440,424,2162,2185,3666,3690,2174.22194833,3677.65018547,8.43631749758,9.33226501197,0.397154934169,2.19288584682e-05,2.36728454482e-05,8.62163979119e-07,3.07944273949,2.87847447395,1.20812678337,0.118773087859,0.107370235026,-0.0101092969999,462571.125,463167.9375,19845.6621094,29070.5996094,2174,3677,2174,3677,0,2174.39248061,3677.2019523,2174.32,3677.3,2174.27216557,3677.53509662,5531.52390049,4542.19502997,5531.0476042,4542.25103066,5531.16952472,4542.26582584,5531.39863302,4542.20370607,367,171.46474596,174.383899408,0.0962406139049,False,315.77158142,33.8593199885,171.731918077,173.687743173,170.996432765,173.801424403
317,317,R+9C1,809,FTO349,flatNominal,349,349,7.35591006498,14.3062922213,0.0,14.9518297734,0.379232507159,14.9544942604,-0.377581547665,-0.229674556569,3.27897826067,0.164401709334,-0.188848059367,0.0151850467028,flatNominal,ApogeeBoss,9.0,0.0,-190.4,174.5907,0,0,-1,0,1,0,0,0,0,1,153.818507195,136.004948616,,,,,-200.49826036,175.453781177,-200.945637147,174.853456235,-201.242255109,175.549726583,6,62.000705719,404,385,3570,3592,942,965,3580.755143,953.608033859,7.56153664434,8.2311231698,0.311167830473,2.00158938763e-05,2.10466899094e-05,3.6377613344e-07,2.89022469521,2.72750091553,1.19637608528,0.132454305887,0.121679395437,-0.010014555417,446707.65625,447145.9375,19801.6621094,27420.8515625,3581,954,3581,954,0,3580.57613971,953.38827646,3580.74,953.577,3580.76379031,953.421478995,2465.81112808,4554.29745019,2465.69901587,4554.55776989,2465.78899451,4554.32167274,2465.64170742,4554.37602584,6,-200.518079924,175.43731299,0.0257685134779,False,154.112656906,135.85509651,-200.963943395,174.835863249,-201.262313949,175.531384367
318,318,R+9C2,1213,FTO350,flatNominal,350,350,7.33884701041,14.2760129604,0.0,14.965,0.376,14.9195604753,-0.3748339495,-0.874089721902,-0.250127009536,0.153360196657,-0.26114899455,-1.0,flatNominal,Boss,9.0,1.0,-168.0,174.5907,0,0,-1,0,1,0,0,0,0,1,68.8482284546,82.4611580372,,,,,-154.359917113,184.071482364,-154.343585186,184.856219523,-153.714726495,184.443480966,37,62.000705719,406,389,3330,3352,1243,1267,3341.07266,1255.03113004,7.86630652926,8.87600934703,0.135213193477,2.34102630661e-05,2.5263233006e-05,-3.36026875636e-07,2.98224782944,2.80151987076,1.43995332718,0.127157762647,0.11269275099,-0.00387412984855,412557.4375,413062.34375,18439.2988281,27240.0488281,3341,1255,3341,1255,0,3341.02290855,1254.89860974,3341.05,1254.96,3341.05848613,1254.91353539,2843.89492268,4627.48364993,2843.80041335,4627.58902935,2843.84480134,4627.53142575,2843.79720095,4627.55058173,37,-154.401882303,184.138520467,0.0790897240145,False,69.143400214,82.4249394687,-154.389097217,184.923323425,-153.758379548,184.513431254
319,319,R+9C3,891,FTO351,flatNominal,351,351,7.47079538639,14.3365803901,0.0,14.9822844404,0.379479831032,14.9847898629,-0.372586340964,0.00408445516757,0.0500071633843,0.147043146575,-0.255141871137,0.0110527695603,flatNominal,ApogeeBoss,9.0,2.0,-145.6,174.5907,0,0,-1,0,1,0,0,0,0,1,306.881296635,36.4549058676,,,,,-155.92868821,156.221190071,-155.749617448,155.493953985,-156.471019208,155.706531747,48,62.000705719,403,389,3540,3562,1338,1361,3550.31254936,1349.72211386,7.64822593062,8.85399774303,0.11484562587,2.23562539117e-05,2.48027434985e-05,-5.10019856593e-07,2.97738790512,2.76358175278,1.47667741776,0.130774751306,0.112965330482,-0.0033925708849,416250.03125,416795.6875,17754.0253906,24915.1503906,3550,1350,3550,1350,0,3550.25005046,1349.48370502,3550.28,1349.63,3550.35580232,1349.69418612,2831.12925549,4398.16999692,2830.94674512,4398.33563162,2831.06559197,4398.2431662,2831.0844956,4398.14455426,48,-155.754414385,156.183749686,0.178250240921,False,306.718962613,37.3953795922,-155.565483775,155.45901257,-156.289705957,155.6617736
320,320,R+9C4,1285,FTO352,flatNominal,352,352,7.3671294084,14.3019478054,0.0,14.965,0.376,14.9463920995,-0.3748339495,0.37375127528,-0.257018484128,0.11359144348,-0.242098842625,-1.0,flatNominal,Boss,9.0,3.0,-123.2,174.5907,0,0,-1,0,1,0,0,0,0,1,239.81087923,123.309817314,,,,,-129.026372398,163.860971693,-128.613527425,163.220211799,-129.364213965,163.196387602,62,62.000705719,431,404,3381,3404,1503,1527,3391.88797019,1515.57706785,8.09869136272,9.19797217671,0.0203160177676,2.16232263255e-05,2.3774008749e-05,-4.62726063624e-07,3.03287768364,2.84575414658,1.55232357979,0.123477421701,0.108720220625,-0.000545461429283,453567.21875,454072.28125,18962.8886719,25860.390625,3392,1515,3392,1515,0,3391.79058261,1515.53967215,3391.84,1515.5,3391.91969488,1515.62719798,3051.43610187,4461.97521995,3051.44796397,4462.07886391,3051.38632756,4462.05516881,3051.46588739,4461.92391391,62,-129.01018197,163.869709212,0.0183976689523,False,239.738432249,123.428625227,-128.59681866,163.229283582,-129.347485677,163.204851974
321,321,R+9C5,1246,FTO353,flatNominal,353,353,7.37756895408,14.3258679065,0.0,14.9768685508,0.359524704758,14.967310535,-0.391888343289,-0.0496775336261,-0.0933615148818,0.118739519272,-0.15141610314,0.0125310826736,flatNominal,ApogeeBoss,9.0,4.0,-100.8,174.5907,0,0,-1,0,1,0,0,0,0,1,257.887508869,119.247493744,,,,,-103.976840307,162.325779178,-103.442763536,161.8082641,-104.164167426,161.597813746,82,62.000705719,437,409,3296,3319,1692,1718,3307.35092266,1704.41648344,8.18335820194,9.05641463319,0.196665074314,2.07856114992e-05,2.23294983583e-05,-6.20456112389e-08,3.01640033722,2.85326170921,1.35915279388,0.122263029218,0.110476627946,-0.00531001901254,473054.53125,473598.84375,20518.7070312,30366.8925781,3307,1704,3307,1704,0,3307.30663245,1704.29100251,3307.32,1704.32,3307.23730614,1704.38752051,3257.96600673,4449.63683728,3257.87521468,4449.73411981,3257.89312346,4449.71431137,3257.99284893,4449.75097343,82,-103.939282796,162.31068712,0.0404763729989,False,258.113864278,119.203738339,-103.403559435,161.794876755,-104.124288964,161.58212838
322,322,R+9C6,409,FTO354,flatNominal,354,354,7.41756851518,14.3335569414,0.0,14.9875569358,0.382261660346,14.9835927645,-0.365643318469,-0.530767727305,9.21861656101,0.0603890933858,-0.222685534635,0.0109982634508,flatNominal,ApogeeBoss,9.0,5.0,-78.4,174.5907,0,0,-1,0,1,0,0,0,0,1,7.20996156335,41.5559658408,,,,,-65.6773653864,159.451921044,-64.9204219857,159.422312639,-65.3261214191,158.793993022,119,62.000705719,445,426,3170,3194,1983,2008,3181.3695711,1995.19713826,8.42560311608,9.36180345798,0.0746934613771,2.25844049238e-05,2.40625140321e-05,-1.1410344928e-07,3.0606739521,2.901668787,1.49167966843,0.118694260716,0.106824584305,-0.00189401220996,463280.90625,463887.625,19772.7734375,29083.0214844,3181,1995,3181,1995,0,3181.39886432,1994.96249337,3181.37,1995.04,3181.33578438,1995.32403214,3574.04936864,4426.92123727,3573.82776079,4427.00373745,3573.90868628,4426.99782088,3574.17750819,4426.89253439,119,-65.65320187,159.505236328,0.058535416579,False,7.128562421,41.8955932476,-64.8961327143,159.479039705,-65.2989962423,158.848898015
323,323,R+9C7,580,FTO355,flatNominal,355,355,7.41102973376,14.3611432998,0.0,14.9989847595,0.374214739443,15.0093564253,-0.359464553925,-0.727527534728,3.64033318347,-0.00884586350828,-0.262767807092,0.0112500785291,flatNominal,ApogeeBoss,9.0,6.0,-56.0,174.5907,0,0,-1,0,1,0,0,0,0,1,166.015659571,62.2308593988,,,,,-65.5664683266,190.774296653,-66.2979698939,190.882850124,-65.8459162648,191.460812401,103,62.000705719,423,402,2942,2964,1866,1890,2952.73400281,1877.85226069,8.12855305542,9.1446571845,0.0115597520287,2.14298307798e-05,2.36627324612e-05,-6.86710375915e-07,3.02403521538,2.85103869438,1.55942177773,0.123023346066,0.109353668988,-0.000311027368298,446449.25,446915.15625,18730.9316406,26602.3066406,2953,1878,2953,1878,0,2952.68276274,1877.57706823,2952.76,1877.71,2952.74878395,1878.0294464,3575.69377094,4683.90633279,3575.47343867,4684.07898889,3575.55561799,4683.95205836,3575.84405286,4683.81131384,103,-65.5797351408,190.784600048,0.0167978661378,False,166.158032223,62.0595467676,-66.3111817847,190.893522985,-65.8588362857,191.471256857
324,324,R+9C8,1028,FTO356,flatNominal,356,356,7.42259303975,14.3155679669,0.0,14.9565806223,0.372032799274,14.9569836216,-0.367565949054,9.6594223166,0.851666555364,-0.0209882967129,-0.00848266055478,0.0116501743804,flatNominal,ApogeeBoss,9.0,7.0,-33.6,174.5907,0,0,-1,0,1,0,0,0,0,1,321.648101807,151.603131294,,,,,-25.2708821871,176.056384336,-24.9447331131,176.72191601,-24.5333667888,176.107274474,147,62.000705719,430,414,2894,2917,2217,2241,2905.51602257,2228.42845066,8.25707539678,9.32100434612,0.0830564554228,2.08894446803e-05,2.30073856568e-05,-1.15755390453e-07,3.05408740044,2.87239098549,1.49335575104,0.121119111776,0.1072941944,-0.00215850654058,461236.75,461843.5,18634.7480469,25928.5507812,2906,2228,2905,2228,0,2905.33148259,2228.07667184,2905.55,2228.18,2905.45029678,2228.4951043,3908.38744979,4563.70600549,3908.16083033,4564.03226759,3908.15543489,4563.79327431,3908.47693802,4563.73347258,147,-25.2793774522,176.143416639,0.0874459339978,False,322.343808038,151.534732651,-24.9605344091,176.812479224,-24.5424634207,176.202378314
325,325,R+9C9,721,FTO357,flatNominal,357,357,7.39812449185,14.3592917542,0.0,15.0016876316,0.382113692547,15.0042300031,-0.367288862158,-0.575807089205,0.0406100550708,-0.00011461903428,-0.246844224569,0.0111532150386,flatNominal,ApogeeBoss,9.0,8.0,-11.2,174.5907,0,0,-1,0,1,0,0,0,0,1,335.611059666,107.542644739,,,,,-0.329008561043,166.039100526,0.357155755846,166.335515552,0.263397365713,165.591996879,179,62.000705719,459,439,2873,2896,2435,2463,2884.02699207,2449.88314118,8.79543741862,11.4226082005,-0.0324125573184,2.66106323259e-05,3.68990379838e-05,-8.09801148568e-07,3.37979412079,2.96564292908,-1.55846142769,0.113696500659,0.0875465944409,0.000645245716441,415035.96875,415727.15625,15985.2871094,22713.9121094,2884,2449,2884,2449,0,2884.06320774,2449.48677005,2884.04,2449.58,2883.99764845,2449.66265099,4114.69136289,4480.38341656,4114.32314796,4480.53454371,4114.42058661,4480.51537889,4114.50941392,4480.5113679,179,-0.321972468187,166.044898421,0.00911713740946,False,335.661710972,107.526415635,0.364013644436,166.341725628,0.270701962912,165.598150761
326,326,R+9C10,985,FTO358,flatNominal,358,358,7.38033542547,14.3049949958,0.0,14.9471758685,0.379493192992,14.9620973985,-0.36722212883,-0.97593575334,-2.25032098193,-0.00739770413351,-0.262369690576,0.0258155749338,flatNominal,ApogeeBoss,9.0,9.0,11.2,174.5907,0,0,-1,0,1,0,0,0,0,1,345.459144115,36.7015483975,,,,,13.6050074855,153.95580108,14.1723451803,153.471508507,13.4708760726,153.215095725,203,62.000705719,168,154,2913,2926,2589,2607,2919.20579766,2598.34858148,4.72506218962,7.83513290948,-0.0366409037593,0.000170695056015,0.000298131292408,-2.27725229845e-06,2.7992079258,2.17362141609,-1.5590171814,0.21164509654,0.127634882927,0.00197951146401,56972.2148438,57376.3046875,2380.69873047,3211.82348633,2919,2598,2919,2598,0,2919.3129417,2597.66549999,2919.24,2598.09,2919.23019066,2597.96279879,4230.07653275,4380.55457353,4229.42129444,4380.77535151,4229.83569064,4380.64543089,4229.72317244,4380.71128917,203,13.6432592857,153.939617763,0.0415343230857,False,345.841457964,36.2800996769,14.2102660607,153.454937792,13.5086219784,153.199004196
327,327,R+9C11,963,FTO359,flatNominal,359,359,7.42689370371,14.2908734396,0.0,14.9408789042,0.365845235409,14.9349348025,-0.3748339495,-0.0441381873372,0.394686319393,-0.034194498175,-0.265409076283,0.0233053353814,flatNominal,ApogeeBoss,9.0,10.0,33.6,174.5907,0,0,-1,0,1,0,0,0,0,1,82.4289232492,97.5568127632,,,,,40.6121058312,187.931312781,40.2424518644,188.579159819,40.9831531791,188.577563037,211,62.000705719,444,418,2558,2581,2653,2681,2568.58344525,2667.78259647,7.65237699516,15.1292827886,-0.329380056302,2.73794943714e-05,4.82906864656e-05,-1.06099590934e-06,3.89149904251,2.76367425919,-1.52685678005,0.130800917745,0.0661589801311,0.00569534115493,372833.46875,373368.03125,13081.2089844,18069.7734375,2569,2667,2569,2667,0,2568.50378651,2667.08503408,2568.63,2667.56,2568.7686957,2667.26309782,4453.7365592,4659.36151214,4453.15483835,4659.75462745,4453.51856051,4659.4252742,4453.19026582,4659.43740755,211,40.6628602285,187.914810066,0.0533699206151,False,82.2988017514,97.4744074819,40.295611853,188.564023799,41.0363021492,188.559679557
328,328,R+9C12,635,FTO360,flatNominal,360,360,7.39613371644,14.3135454612,0.0,14.9690511238,0.353598756595,14.9511363391,-0.379629357868,0.95407106009,0.229882402667,-0.0897262062585,-0.184342812627,0.0174668790522,flatNominal,ApogeeBoss,9.0,11.0,56.0,174.5907,0,0,-1,0,1,0,0,0,0,1,298.840184212,128.463134766,,,,,62.7135878602,165.756493686,63.4530959193,165.845080281,63.1675486068,165.169501166,250,62.000705719,461,437,2636,2657,2900,2929,2646.48631431,2914.05349037,6.96766936246,19.3157460465,-0.135489809305,2.90391587154e-05,6.07039452244e-05,-3.78243581834e-07,4.39513731003,2.63935279846,-1.55982553959,0.143539592624,0.0517782978714,0.00201370962895,357914.84375,358626.15625,11212.9287109,15606.8037109,2647,2914,2647,2914,0,2646.34226278,2913.56534252,2646.54,2913.74,2646.6689792,2913.98689777,4636.09723345,4476.43312537,4635.7309744,4476.78652809,4635.79316457,4476.5343681,4635.95373893,4476.30193712,250,62.7162209942,165.729089178,0.0275307175687,False,298.964207176,128.280929967,63.4558186285,165.816924784,63.1695854366,165.141635981
329,329,R+9C13,1070,FTO361,flatNominal,361,361,7.40000857793,14.3444799587,0.0,15.0044342173,0.344204073844,14.984925652,-0.384175839676,0.163132164159,0.302832209198,-0.0288402902779,-0.16811622658,0.0146056523796,flatNominal,ApogeeBoss,9.0,12.0,78.4,174.5907,0,0,-1,0,1,0,0,0,0,1,206.354398727,95.7748281956,,,,,62.8427998705,173.513679182,62.4722127451,172.868170661,62.0962703486,173.492338264,244,62.000705719,449,426,2579,2600,2871,2899,2589.23361872,2885.61423703,7.0240576132,19.0158369677,-0.2079955626,3.2197775777e-05,6.5986780059e-05,-1.14023139842e-06,4.36112880707,2.64961338043,-1.55345845222,0.142413973808,0.0526047833264,0.00311545329168,332195.15625,332847.3125,10917.4306641,16463.8066406,2589,2885,2589,2885,0,2589.31447942,2885.13684157,2589.29,2885.37,2589.41210347,2885.48345223,4637.34706207,4540.34791405,4636.88636158,4540.49691047,4637.1078238,4540.41286801,4637.14857913,4540.25010818,244,62.8787006549,173.500037001,0.0384054087495,False,206.176299237,96.0662145847,62.5093905715,172.853797007,62.1322147881,173.477220066
330,330,R+9C14,973,FTO362,flatNominal,362,362,7.37751948433,14.3142879201,0.0,14.9460022805,0.381379325477,14.9665381536,-0.368646017726,0.201980782553,-0.302353574338,0.0617676366065,-0.214311083613,0.0150262842227,flatNominal,ApogeeBoss,9.0,13.0,100.8,174.5907,0,0,-1,0,1,0,0,0,0,1,160.676593781,6.97077088058,,,,,106.089068231,195.476926616,105.852883681,196.176018943,106.589691656,196.034337093,286,62.000705719,439,418,2255,2278,3105,3133,2266.41563963,3117.7374007,8.05390466655,14.3934678091,0.202496722343,2.8583218936e-05,4.81154775479e-05,-5.48295402954e-07,3.79472398758,2.83680152893,1.53889787197,0.124207310379,0.0695005431771,-0.00349485944025,366781.5625,367458.53125,13441.8125,18476.5625,2267,3118,2267,3118,0,2266.35319245,3117.68311403,2266.5,3117.52,2266.43357957,3118.30360154,4992.41395627,4719.28955645,4992.39468791,4719.37002647,4992.18251019,4719.31425817,4992.90772773,4719.01189663,286,105.953033745,195.523273216,0.143712868376,False,161.84320496,5.77798975011,105.717168532,196.222473348,106.453911716,196.080454975
331,331,R+9C15,868,FTO363,flatNominal,363,363,7.44659146993,14.3332763108,0.0,14.965,0.376,14.9788038868,-0.3748339495,0.112222256055,-0.065091357007,0.0487147464099,-0.18155508333,-1.0,flatNominal,Boss,9.0,14.0,123.2,174.5907,0,0,-1,0,1,0,0,0,0,1,182.776343822,141.103162766,,,,,114.203455035,170.39404809,114.135390241,169.662052187,113.520390386,170.09300154,308,62.000705719,412,387,2406,2429,3261,3288,2417.89930481,3273.47158825,8.43438563993,9.98914483326,0.300757374272,2.72256902325e-05,3.62691693068e-05,-3.06580665309e-07,3.16943144798,2.89451789856,1.38622105122,0.118689708412,0.100216262043,-0.00714711938053,373124.0,373626.75,15658.2382812,20954.921875,2418,3273,2418,3274,0,2417.91265882,3273.56284664,2417.9,3273.32,2418.01566754,3273.93259722,5060.47731891,4512.96986118,5060.5520666,4512.91583151,5060.34304505,4513.03478585,5060.8323136,4512.65355703,308,114.162690779,170.414356977,0.0455431161102,False,182.8696352,140.868023951,114.09281399,169.682531824,113.478882921,170.115002413
332,332,R+9C16,787,FTO364,flatNominal,364,364,7.3832674053,14.3450055955,0.0,14.9852123804,0.370728031749,14.9929015516,-0.360218079918,0.789679870344,-0.0371430688462,0.0647491451526,-0.194007485887,0.0367164546148,flatNominal,ApogeeBoss,9.0,15.0,145.6,174.5907,0,0,-1,0,1,0,0,0,0,1,88.3397126198,67.5052732229,,,,,158.48606553,187.578715561,158.400116709,188.313505872,159.073987375,188.030239801,346,62.000705719,416,392,2115,2138,3521,3545,2126.89172695,3532.70582294,8.18056585928,8.85183920151,0.274484812064,2.37360490304e-05,2.60606805209e-05,2.07643891803e-07,2.99161911011,2.84299492836,1.22804498672,0.122368253767,0.113088533282,-0.00758898258209,418964.21875,419562.09375,18480.6679688,26976.1679688,2127,3532,2127,3532,0,2127.03485855,3532.33624439,2127.01,3532.39,2126.89743774,3532.6713951,5424.87850474,4651.17107161,5424.48462076,4651.21500754,5424.54377386,4651.21136511,5424.84533661,4651.18192353,346,158.523412132,187.584604369,0.037808024172,False,88.5103262138,67.1733346834,158.439532562,188.319633769,159.112602979,188.034471439
333,333,R+9C17,626,FTO365,flatNominal,365,365,7.36246666541,14.3284519437,0.0,14.965,0.376,14.973812702,-0.3748339495,-0.301904658293,-0.214652169282,0.0987982265606,-0.234904120306,-1.0,flatNominal,Boss,9.0,16.0,168.0,174.5907,0,0,-1,0,1,0,0,0,0,1,184.99976635,139.887253046,,,,,158.815174178,170.183460145,158.749971166,169.447037716,158.134559146,169.877267107,355,62.000705719,437,418,2239,2263,3590,3615,2251.86645058,3601.65920735,8.54473648367,9.32690100725,0.440522875478,2.26106653538e-05,2.48960913439e-05,1.26857569857e-06,3.08624219894,2.88907361031,1.14840614796,0.117316775024,0.10747846216,-0.0110820783302,451773.8125,452393.375,19546.921875,28217.546875,2252,3601,2252,3601,0,2251.98402035,3601.23724343,2251.97,3601.3,2251.97598548,3601.53495949,5428.24603205,4508.47590517,5427.81751372,4508.56672494,5427.87994613,4508.54533958,5428.08522077,4508.43621692,355,158.850112947,170.167217408,0.0385297817685,False,184.914060585,140.090758001,158.786424144,169.430662479,158.170128881,169.859625685
334,334,R+9C18,830,FTO366,flatNominal,366,366,7.37231649958,14.3461816002,0.0,14.9984066866,0.371548096977,14.9914691938,-0.383234989797,0.246553166146,0.141224947416,0.116335636508,-0.282432434035,0.0125323723739,flatNominal,ApogeeBoss,9.0,17.0,190.4,174.5907,0,0,-1,0,1,0,0,0,0,1,120.902127028,77.9432612658,,,,,191.70117942,191.833235177,191.135517377,192.326664002,191.850458184,192.568749273,386,62.000705719,414,398,1960,1983,3748,3771,1972.39642968,3758.68926823,8.18059951103,9.00487064581,0.300677922825,2.36031157802e-05,2.54828610939e-05,4.96621491415e-07,3.01710033417,2.84298706055,1.25565075874,0.122390635312,0.111187472939,-0.00817339029163,420477.15625,420972.71875,17341.2695312,24938.0820312,1972,3758,1972,3758,0,1972.62799914,3758.26665262,1972.51,3758.33,1972.6060318,3758.48664214,5696.68635968,4683.6949769,5696.20456195,4683.68501147,5696.31756926,4683.76246077,5696.40978778,4683.60279035,386,191.757106498,191.879734593,0.0727326185401,False,121.106095725,77.445397375,191.193982899,192.376058443,191.910156057,192.614473301
335,335,R+8C1,588,FTO367,flatNominal,367,367,7.38455952293,14.338138803,0.0,15.0027904228,0.342515777357,14.9737537604,-0.403643393045,0.728466843605,0.277025907623,0.184872240232,-0.226849284308,0.0134555528898,flatNominal,ApogeeBoss,8.0,0.0,-201.6,155.1918,0,0,-1,0,1,0,0,0,0,1,318.718936443,112.54498601,,,,,-192.970826161,145.029510503,-192.233435837,145.153342419,-192.488329703,144.451469388,22,62.000705719,413,398,3763,3786,1110,1134,3773.71651625,1121.48498519,7.82498954559,8.57621242943,0.243149470079,2.14907145521e-05,2.22937981794e-05,-2.37724810908e-08,2.94075584412,2.78444933891,1.28354370594,0.127908378839,0.116704404354,-0.00725281843916,443303.9375,443876.09375,18733.0195312,26013.7734375,3774,1121,3773,1121,0,3773.40993106,1121.46669989,3773.63,1121.46,3773.88278205,1121.39934532,2525.46684409,4305.58484918,2525.59236295,4305.86515945,2525.48843578,4305.67432129,2525.31404109,4305.47700788,22,-192.94915159,145.057567295,0.0354537810571,False,318.821192286,112.596281622,-192.21209578,145.183374954,-192.465107729,144.480821334
336,336,R+8C2,1226,FTO368,flatNominal,368,368,7.33318053207,14.3404178853,0.0,14.965,0.376,14.9861924039,-0.3748339495,1.02527868272,-0.10234712046,0.13125112033,-0.237920695272,-1.0,flatNominal,Boss,8.0,1.0,-179.2,155.1918,0,0,-1,0,1,0,0,0,0,1,69.9540495872,106.428852081,,,,,-171.831056282,166.995164319,-172.177282347,167.636729849,-171.426282177,167.622606063,29,62.000705719,405,390,3522,3544,1180,1204,3532.83521605,1192.46895394,7.52475240887,9.15097495516,0.286719969257,2.13047561301e-05,2.59264402369e-05,-1.57241625251e-07,3.03315782547,2.73416924477,1.40129244328,0.133053585887,0.109408594668,-0.00833771750331,419065.96875,419740.34375,17898.2851562,24452.9082031,3533,1192,3533,1192,0,3532.72987393,1192.44259412,3532.8,1192.43,3532.82963048,1192.3284164,2699.76847793,4486.36500586,2699.79380316,4486.47060148,2699.74905568,4486.41506662,2699.64644181,4486.43492857,29,-171.839380694,166.993123474,0.00857093241296,False,69.934281685,106.478616034,-172.185942591,167.634507657,-171.434935129,167.620777043
337,337,R+8C3,565,FTO369,flatNominal,369,369,7.36693807182,14.3136658596,0.0,14.9472110519,0.402787108581,14.9707902334,-0.352886683897,-0.851594928916,2.11278540346,0.135543121295,-0.292089328767,0.0155847850126,flatNominal,ApogeeBoss,8.0,2.0,-156.8,155.1918,0,0,-1,0,1,0,0,0,0,1,274.337990284,41.9987288117,,,,,-174.097517861,144.038611219,-174.227305584,143.299170814,-174.801218474,143.791332223,40,62.000705719,417,397,3701,3723,1262,1285,3711.7353046,1273.81806797,8.00894172161,8.68214497998,0.104979281839,2.14714162648e-05,2.31682046953e-05,-1.71443487375e-07,2.94926023483,2.82718086243,1.41963636875,0.124880231917,0.1151971668,-0.00301995361224,441850.5,442455.15625,19017.4472656,26801.3847656,3712,1274,3712,1274,0,3711.48497454,1273.64858371,3711.68,1273.77,3711.86300485,1273.72324205,2689.19817626,4290.12232763,2689.16361658,4290.42265358,2689.17939833,4290.19869397,2689.05505643,4290.05293007,40,-172.950966721,143.093515371,1.48586193129,True,274.356822675,47.9236717049,-173.003485814,142.344610364,-173.625277879,142.774695805
338,338,R+8C4,608,FTO370,flatNominal,370,370,7.43949537599,14.3527723713,0.0,14.965,0.376,14.9989740852,-0.3748339495,-0.537930967213,4.55864909293,0.1257554344,-0.135102967524,-1.0,flatNominal,Boss,8.0,3.0,-134.4,155.1918,0,0,-1,0,1,0,0,0,0,1,10.0101435184,170.040088892,,,,,-134.329718808,162.044541717,-134.748233219,162.628531749,-134.001705574,162.715723111,58,62.000705719,433,417,3406,3429,1475,1499,3416.79805233,1486.36355258,8.07339587821,9.16316360396,0.222942490214,2.10127621148e-05,2.25829883982e-05,7.95810202979e-07,3.03430533409,2.83364629745,1.37660908699,0.123946890235,0.109205983579,-0.0060313292779,465131.5,465706.875,20083.1621094,27827.9121094,3417,1486,3417,1486,0,3416.61322069,1486.21374918,3416.76,1486.28,3416.83090601,1486.41444444,3014.01590313,4453.39207411,3013.96851537,4453.62522255,3013.96139,4453.46422284,3014.04584216,4453.33941483,58,-133.551134004,162.836537091,1.1106083773,True,33.2964474436,154.917313078,-134.048333452,163.355180879,-133.321751578,163.547494788
339,339,R+8C5,160,FTO371,flatNominal,371,371,7.39720797428,14.397787343,0.0,15.0330095479,0.383477544321,15.0539672901,-0.370617214506,0.0882297236535,0.268318496834,0.0397147507605,-0.283581341631,0.0168952001963,flatNominal,ApogeeBoss,8.0,4.0,-112.0,155.1918,0,0,-1,0,1,0,0,0,0,1,319.459226131,131.659061909,,,,,-102.690005388,149.893795956,-102.064863525,150.293495754,-102.024503906,149.540190216,89,62.000705719,427,408,3382,3405,1748,1773,3393.05582176,1760.04699579,8.03576910128,9.25512625967,0.0896844165546,2.17796921522e-05,2.46172406905e-05,-5.66475633868e-07,3.04330205917,2.83358573914,1.49776947498,0.12445705384,0.10805991292,-0.00241203815676,445067.0,445591.75,19689.5683594,28997.1347656,3393,1760,3393,1760,0,3392.98448439,1759.84963036,3393.03,1759.94,3393.0329637,1760.10632239,3267.67405368,4347.92234736,3267.53202356,4348.07684518,3267.58897709,4348.00129597,3267.7372273,4347.91518979,89,-102.702379423,149.943209365,0.0509391954729,False,319.344153229,131.932428779,-102.078344216,150.344634746,-102.035903557,149.591443586
340,340,R+8C6,1270,FTO372,flatNominal,372,372,7.38771900139,14.3542476873,0.0,14.965,0.376,15.0005004149,-0.3748339495,-0.0366563819223,0.963102558565,-0.0157057103825,-0.292323066016,-1.0,flatNominal,Boss,8.0,5.0,-89.6,155.1918,0,0,-1,0,1,0,0,0,0,1,19.6157549322,61.2305402756,,,,,-73.2101226287,146.192856314,-72.5518504911,146.477588084,-72.6241596298,145.729401417,117,62.000705719,437,415,3296,3318,1977,2002,3307.03057982,1989.82667591,8.01440847866,9.38085747162,-0.0366981305792,2.01546941781e-05,2.38779496935e-05,-4.29062857007e-07,3.06297922134,2.83079910278,-1.54396557808,0.124777510762,0.106601975858,0.000976264942437,468211.28125,468689.5625,20032.3222656,28454.0703125,3307,1990,3307,1990,0,3306.96794618,1989.49107571,3307.01,1989.65,3307.05820827,1989.98458442,3511.19474135,4317.97709191,3510.92611116,4318.1877772,3511.0490858,4318.08035724,3511.32199043,4317.87959269,117,-73.2080004466,146.280746597,0.0879159001,False,19.5265530814,61.6895498148,-72.5515797695,146.569721133,-72.6190583681,145.821083345
341,341,R+8C7,437,FTO373,flatNominal,373,373,7.45597077758,14.3267075693,0.0,14.965,0.376,14.9720080104,-0.3748339495,0.589706194643,15.7661116769,0.151175261753,-0.241611486956,-1.0,flatNominal,Boss,8.0,6.0,-67.2,155.1918,0,0,-1,0,1,0,0,0,0,1,98.9461863041,64.6179288626,,,,,-60.0686466055,170.602514882,-60.4437542683,171.241332124,-59.6929112587,171.247290888,118,62.000705719,441,417,3067,3090,1982,2007,3078.98627073,1994.01374513,8.29311580759,9.40708803635,0.0323610762612,2.22989116172e-05,2.45729654124e-05,-4.0206471578e-07,3.06725072861,2.87961387634,1.54177880287,0.120583556592,0.106304250658,-0.000829632685054,456552.5625,456993.6875,19909.5722656,29093.2597656,3079,1994,3079,1994,0,3078.97789867,1993.76654774,3079.01,1993.86,3078.86742714,1994.08863824,3620.33134572,4518.25424998,3620.11601973,4518.37595191,3620.18509049,4518.30895995,3620.45269623,4518.32500895,118,-60.0955792962,170.605060441,0.0270527207165,False,98.9659248707,64.7041967794,-60.4718682318,171.243182579,-59.721037532,171.250530514
342,342,R+8C8,422,FTO374,flatNominal,374,374,7.40175910513,14.4028165574,0.0,14.965,0.376,15.0507487071,-0.3748339495,0.336377361224,1.12208365902,0.253030180264,-0.18503617691,-1.0,flatNominal,Boss,8.0,7.0,-44.8,155.1918,0,0,-1,0,1,0,0,0,0,1,201.352915764,121.06672883,,,,,-56.2110608038,150.182410145,-56.2387512758,149.506644313,-56.8957977153,149.879999956,131,62.000705719,446,422,3202,3226,2088,2112,3213.35787767,2099.62607194,8.42947305154,9.34540774788,0.016202951837,2.33780397412e-05,2.38469653785e-05,-5.98411936134e-07,3.05707287788,2.9033062458,1.55311357975,0.118631772697,0.107004784048,-0.000411364599131,460152.0,460703.625,19186.5,27718.0,3213,2099,3213,2099,0,3213.34654555,2099.47031708,3213.33,2099.46,3213.38941666,2099.79936059,3651.86117546,4350.27936447,3651.72830235,4350.3614177,3651.72214893,4350.38099421,3652.00025468,4350.1712875,131,-56.2078066553,150.197008266,0.014956424113,False,201.22749412,121.133977234,-56.2361832278,149.521270896,-56.8928502553,149.895293457
343,343,R+8C9,1049,FTO375,flatNominal,375,375,7.47410600915,14.323686083,0.0,14.965,0.376,14.9688820466,-0.3748339495,0.32963417839,0.494153492261,0.169729528547,-0.291538734585,-1.0,flatNominal,Boss,8.0,8.0,-22.4,155.1918,0,0,-1,0,1,0,0,0,0,1,257.619867325,135.09521842,,,,,-22.0870710089,144.643515176,-21.4193431915,144.316713857,-22.0430268253,143.898640401,167,62.000705719,430,401,3112,3135,2357,2384,3123.45294828,2371.4425292,8.50014464298,10.108173226,-0.0592971676964,2.55910564393e-05,2.93746377586e-05,-6.79593960903e-07,3.17967867851,2.9151263237,-1.53398728371,0.117649868131,0.0989338904619,0.00138032936957,416289.78125,416885.8125,16680.8242188,23556.5742188,3123,2371,3123,2371,0,3123.55199534,2370.99888081,3123.47,2371.11,3123.48666803,2371.3420813,3934.45052829,4304.34092266,3934.01134472,4304.45819164,3934.15371655,4304.4817,3934.34587003,4304.35745908,167,-22.0593094061,144.644085289,0.0277674561225,False,257.783019565,135.086615628,-21.3907025062,144.319086284,-22.0132561624,143.899332028
344,344,R+8C11,716,FTO377,flatNominal,377,377,7.41472246499,14.3315947717,0.0,14.965,0.376,14.9770642032,-0.3748339495,-0.287742991236,-0.178425466308,0.133672359387,-0.25271374827,-1.0,flatNominal,Boss,8.0,10.0,22.4,155.1918,0,0,-1,0,1,0,0,0,0,1,324.490449429,22.4439659715,,,,,14.4569046189,135.110354264,14.6742601855,134.40655405,13.9414462555,134.570508034,214,62.000705719,425,403,3043,3065,2661,2689,3054.01079284,2676.50711105,7.53936829235,14.9765617248,-0.180456669597,3.10467472517e-05,5.37527776668e-05,-1.02463780104e-06,3.87052154541,2.74499392509,-1.54655122757,0.132675364614,0.0667902603745,0.00319728325121,336633.15625,337322.03125,12167.4326172,17161.8691406,3054,2676,3054,2676,0,3054.02227021,2675.72731358,3054.02,2676.26,3054.05508628,2676.05369739,4237.062013,4224.8871539,4236.36524036,4225.23747335,4236.83874927,4224.99342261,4236.63948265,4225.05748877,214,14.5142517209,135.062988261,0.0743789505469,False,325.165847602,21.7116287158,14.7309077616,134.358972393,13.9982571267,134.523654547
345,345,R+8C12,781,FTO378,flatNominal,378,378,7.39137758754,14.316246808,0.0,14.965,0.376,14.9611855352,-0.3748339495,0.0656510443342,-0.11029515862,0.202279821546,-0.188113599793,-1.0,flatNominal,Boss,8.0,11.0,44.8,155.1918,0,0,-1,0,1,0,0,0,0,1,293.591916561,136.408588886,,,,,51.2907754882,147.116778537,52.0291046853,147.247647558,51.7681774748,146.543599861,247,62.000705719,462,437,2815,2836,2887,2915,2825.84512562,2901.10675527,7.34118635908,19.1135112485,-0.011217688714,3.10538643337e-05,6.25410859508e-05,-2.85241985895e-07,4.37190151215,2.7094604969,-1.56984341145,0.13621789217,0.0523190572858,0.000159892108059,349814.46875,350515.5625,11594.6132812,16861.9882812,2826,2901,2826,2901,0,2825.7927071,2900.62020618,2825.86,2900.84,2825.8771204,2900.98977467,4541.70028419,4323.37621729,4541.29308129,4323.64762753,4541.45747084,4323.48783988,4541.58176341,4323.40192627,247,51.3061858723,147.100449008,0.0224529165314,False,293.816723166,136.227278224,52.0444155078,147.231878492,51.7840228484,146.527632915
346,346,R+8C13,901,FTO379,flatNominal,379,379,7.4524299444,14.3323826566,0.0,14.965,0.376,14.9778793317,-0.3748339495,-0.385356277734,-1.06003989742,0.0533667719199,-0.234653365404,-1.0,flatNominal,Boss,8.0,12.0,67.2,155.1918,0,0,-1,0,1,0,0,0,0,1,91.054494381,26.4142924547,,,,,87.2965625319,161.513627108,87.7000764695,162.129059643,88.0410694438,161.45999964,284,62.000705719,439,414,2572,2595,3097,3125,2583.79739505,3109.55365764,7.72477400654,14.9064401538,0.18539489119,2.85938277926e-05,4.78934502126e-05,-4.46919183274e-07,3.86150527,2.77848720551,1.54500424862,0.129492282867,0.0671051293612,-0.00322105153464,367658.65625,368353.0625,13730.4589844,19310.7734375,2584,3109,2584,3110,0,2583.74607752,3109.66606042,2583.79,3109.29,2583.88201359,3110.03820824,4838.4331122,4441.64220461,4838.55650653,4441.63574592,4838.20045725,4441.77675104,4838.82365707,4441.34316567,284,87.2157832113,161.604662429,0.121707552522,False,90.4950121776,27.7047857976,87.6114124927,162.225192989,87.9609137187,161.560537898
347,347,R+8C14,964,FTO380,flatNominal,380,380,7.36400059068,14.2908625416,0.0,14.965,0.376,14.9349235276,-0.3748339495,0.672200962978,-0.128497696937,-0.041741995289,-0.128421624555,-1.0,flatNominal,Boss,8.0,13.0,89.6,155.1918,0,0,-1,0,1,0,0,0,0,1,112.037404776,88.8828277588,,,,,91.0354245822,171.376256931,90.4388235525,171.866057425,91.1485911692,172.112808604,280,62.000705719,419,396,2487,2509,3087,3115,2498.19445755,3099.7567395,7.55388441557,14.9097405585,0.232557327285,3.21070648581e-05,5.6163733048e-05,6.21635953095e-07,3.86226439476,2.74709653854,1.53922307491,0.132445827127,0.0671024695039,-0.00413169432431,326348.71875,326959.3125,12306.5810547,17903.7675781,2498,3100,2498,3100,0,2498.24291701,3099.65182707,2498.22,3099.5,2498.24685052,3100.24258806,4869.31976907,4522.07762555,4869.20433791,4522.08315581,4869.08104221,4522.17138639,4869.7263626,4521.80656182,280,90.9700087541,171.402972003,0.0706606373337,False,112.417883938,88.7023238536,90.3717018469,171.890687246,91.0806039248,172.139914167
348,348,R+8C15,493,FTO381,flatNominal,381,381,7.39040312694,14.3571400907,0.0,14.9973845391,0.382072479475,15.0077758672,-0.360182858892,-0.267584757609,1.34222914552,-0.0328618226087,-0.0968016355074,0.0167414557294,flatNominal,ApogeeBoss,8.0,14.0,112.0,155.1918,0,0,-1,0,1,0,0,0,0,1,293.778963089,164.395519495,,,,,119.29682035,154.583987201,119.867331297,155.063997193,119.99688839,154.333062225,323,62.000705719,433,410,2502,2525,3360,3387,2513.70640896,3371.55460753,8.49827704152,9.64053673909,0.299144509423,2.38666012371e-05,2.87762339406e-05,8.03842916477e-07,3.11675095558,2.90252947807,1.32955253124,0.117799580097,0.10384208709,-0.00731060886756,433042.1875,433670.71875,18853.96875,25530.8457031,2514,3371,2514,3371,0,2513.66876045,3371.35529382,2513.73,3371.33,2513.74520985,3371.81714201,5103.15890569,4382.6718872,5102.99957377,4382.79741291,5102.95203588,4382.75866288,5103.37376437,4382.51611297,323,119.297825145,154.590536699,0.00662612539429,False,293.843382288,164.388386832,119.867855876,155.071116869,119.998143721,154.340311803
349,349,R+8C16,1182,FTO382,flatNominal,382,382,7.38008631217,14.3079900384,0.0,14.965,0.376,14.9526432618,-0.3748339495,-0.704912448816,-0.151950020645,0.0722413906493,-0.152773592638,-1.0,flatNominal,Boss,8.0,15.0,134.4,155.1918,0,0,-1,0,1,0,0,0,0,1,10.0150814652,170.107144117,,,,,135.624618783,162.143503976,135.257073531,162.80528081,136.007687331,162.783298284,335,62.000705719,418,402,2385,2410,3451,3474,2396.98737078,3462.15313059,8.80738824335,8.41609568036,0.194392866429,2.64566238513e-05,2.42381865339e-05,2.36257782887e-08,2.98119831085,2.88720297813,0.391092300415,0.113598950207,0.118880547583,-0.00524776009843,417127.125,417719.15625,18671.0839844,28045.7089844,2397,3462,2397,3462,0,2397.04027314,3461.8654003,2397.03,3461.94,2397.07601491,3462.24692064,5237.45364002,4444.28641946,5237.17404557,4444.37252592,5237.24630175,4444.34090098,5237.49582633,4444.1644577,335,135.62459981,162.180391203,0.0368872315694,False,11.5964030183,169.328899597,135.247815276,162.836951562,135.99866345,162.825491708
350,350,R+8C17,692,FTO383,flatNominal,383,383,7.41260675899,14.2427221283,0.0,14.9167499315,0.342129170147,14.8988237453,-0.348697300264,0.303777106697,3.10600464623,0.0756666907031,-0.21370666801,0.0382850344945,flatNominal,ApogeeBoss,8.0,16.0,156.8,155.1918,0,0,-1,0,1,0,0,0,0,1,289.375634193,137.856348753,,,,,163.044148094,147.898801689,163.793476172,147.998166072,163.547572784,147.352337856,379,62.000705719,441,421,2386,2409,3706,3730,2397.91819945,3717.62298781,8.53920055849,9.21359981858,0.242818626091,2.27389322978e-05,2.34008855612e-05,2.27819924363e-07,3.04826664925,2.90875768661,1.25875067711,0.11719480902,0.108616605401,-0.00617719069123,461364.53125,461948.84375,20516.6171875,29795.3671875,2398,3717,2398,3717,0,2397.95313374,3717.13637063,2397.96,3717.24,2398.00530652,3717.51529417,5463.55508983,4325.35850521,5463.10744375,4325.55248892,5463.1978277,4325.49326259,5463.41932588,4325.33105137,379,163.066627032,147.897628982,0.0225095062129,False,289.640390595,137.723942963,163.815723583,147.998724011,163.571312683,147.352329493
351,351,R+8C18,660,FTO384,flatNominal,384,384,7.38916078128,14.3366719915,0.0,14.965,0.376,14.9823169839,-0.3748339495,-0.753540692697,0.465494221761,0.110568079679,-0.176148126198,-1.0,flatNominal,Boss,8.0,17.0,179.2,155.1918,0,0,-1,0,1,0,0,0,0,1,186.158137321,45.294072032,,,,,167.160388562,171.427943598,166.435168773,171.529078875,166.892521102,172.124797219,363,62.000705719,423,402,2199,2222,3647,3670,2211.44433315,3657.75072906,8.35161195281,9.1548324969,0.294210140593,2.27306825787e-05,2.49247079616e-05,4.09294139828e-07,3.04155683517,2.87321710587,1.25466811657,0.119873076677,0.109355732799,-0.007704755757,436721.28125,437210.09375,18052.046875,24480.3574219,2212,3657,2211,3657,0,2211.44386292,3657.28153176,2211.59,3657.37,2211.56206514,3657.61795865,5496.67079986,4518.38839908,5496.25496779,4518.60572378,5496.27064346,4518.43677683,5496.49864194,4518.34538221,363,167.192837077,171.43981649,0.0345524483889,False,185.965526674,45.4375412548,166.467704297,171.541573736,166.925567392,172.1368996
352,352,R+8C19,1109,FTO385,flatNominal,385,385,7.37793022868,14.2990790305,0.0,14.9357749437,0.388462302186,14.9513009082,-0.374741841585,-1.11071691212,-0.97340552482,0.0892847056784,-0.245442526874,0.0332823501964,flatNominal,ApogeeBoss,8.0,18.0,201.6,155.1918,0,0,-1,0,1,0,0,0,0,1,62.6607853174,54.9251925945,,,,,220.74742166,157.744068713,221.154836459,158.368806921,221.49743991,157.686645286,427,62.000705719,428,405,2099,2122,4089,4114,2111.03979839,4100.15865039,8.18470251093,9.03878694417,0.514017020514,2.24947645396e-05,2.52409959997e-05,1.04556642565e-06,3.04631090164,2.81841778755,1.13201701641,0.122617065907,0.111030854285,-0.0139459557831,442590.53125,443102.75,19531.9082031,28065.9082031,2111,4100,2111,4100,0,2111.14009122,4099.56963592,2111.12,4099.76,2111.26592814,4099.98701685,5935.38195984,4402.89659175,5934.81330049,4403.07995814,5934.98583924,4403.00702394,5935.1252292,4402.775422,427,220.791845926,157.830720462,0.0973757716754,False,63.4078072975,54.1860683936,221.199174605,158.455514822,221.541872084,157.773400419
353,353,R+7C1,793,FTO386,flatNominal,386,386,7.40294859341,14.3172554378,0.0,14.9627031849,0.379278951118,14.9634466457,-0.386695939137,-0.061460231333,-0.10946284824,0.199326956459,-0.259002904573,0.0104994525222,flatNominal,ApogeeBoss,7.0,0.0,-212.8,135.7928,0,0,-1,0,1,0,0,0,0,1,333.840737343,65.0410687923,,,,,-207.375969213,117.780377084,-206.676356299,117.513924298,-207.273590461,117.034310453,21,62.000705719,405,386,4018,4040,1107,1131,4028.8592633,1118.68780162,7.4684911888,8.47503427638,0.255279343255,2.12460513494e-05,2.23785641534e-05,5.53029436625e-08,2.92165637016,2.7216629982,1.33608496189,0.134033843875,0.118115231395,-0.00807455647737,435134.90625,435766.84375,19609.5664062,27536.5058594,4029,1119,4029,1119,0,4028.62031029,1118.44466883,4028.77,1118.63,4028.94854089,1118.56653312,2405.03520592,4080.63626364,2404.93008061,4080.96054864,2405.02054471,4080.74372542,2404.88640137,4080.61316074,21,-207.479030758,117.742688768,0.109736462753,False,333.543956192,64.986351787,-206.781065633,117.471949037,-207.381230874,116.996008107
354,354,R+7C2,994,FTO387,flatNominal,387,387,7.41592062167,14.2966270398,0.0,14.965,0.376,14.9408873516,-0.3748339495,0.507993087372,0.28474362225,0.132974412349,-0.20610557052,-1.0,flatNominal,Boss,7.0,1.0,-190.4,135.7928,0,0,-1,0,1,0,0,0,0,1,224.654531479,57.1407830715,,,,,-209.817774909,137.77297482,-210.388136344,137.260348008,-210.528239846,137.99838869,12,62.000705719,414,396,3880,3903,1015,1039,3891.40742936,1026.90239634,7.4179345048,8.6841725277,0.444403032381,1.96000147888e-05,2.25508529626e-05,8.0388152698e-07,2.9706184864,2.69769024849,1.26478743553,0.135222986341,0.115506134927,-0.0138397766277,452795.65625,453392.15625,20554.0175781,30000.1425781,3891,1027,3891,1027,0,3891.29441802,1026.80116875,3891.33,1026.87,3891.54416389,1026.81998881,2387.19004175,4244.95034518,2387.15252522,4245.09735232,2387.19518619,4245.03875011,2387.05375711,4244.86719574,12,-209.813899782,137.748115334,0.0251597026921,False,224.669716526,57.2219741246,-210.38339813,137.234529855,-210.524742877,137.972333827
355,355,R+7C3,766,FTO388,flatNominal,388,388,7.38829279762,14.2955191731,0.0,14.9283125988,0.379356714679,14.9323711677,-0.378154677668,0.345074670388,2.65819216023,0.128128962779,-0.358406241493,0.020598531044,flatNominal,ApogeeBoss,7.0,2.0,-168.0,135.7928,0,0,-1,0,1,0,0,0,0,1,347.370722294,114.324717522,,,,,-156.102670201,132.072828011,-155.586842399,132.600332243,-155.390708659,131.868641368,53,62.000705719,413,395,3717,3740,1427,1450,3728.00009908,1437.92587886,8.12889332154,8.78474789734,0.199726430756,2.18200026528e-05,2.2290452762e-05,-4.85596733313e-08,2.97334527969,2.84127759933,1.29727005959,0.123086735606,0.113897286355,-0.00559689896181,441129.21875,441687.5625,19323.21875,28053.96875,3728,1438,3728,1438,0,3727.87178401,1437.74383987,3727.93,1437.84,3728.08426917,1437.79455323,2827.19770219,4199.83363522,2827.09560295,4200.0315713,2827.14985034,4199.93798906,2827.04234091,4199.81971063,53,-156.07598234,132.066816347,0.0273565715169,False,347.581894392,114.112438728,-155.560144349,132.594310616,-155.364024742,131.862615952
356,356,R+7C5,664,FTO390,flatNominal,390,390,7.38747968864,14.3404375954,0.0,14.9885978503,0.361596666969,14.958445557,-0.412947598315,-0.402120478493,-0.286131197698,0.0216570026314,-0.360447945393,0.0155210812062,flatNominal,ApogeeBoss,7.0,4.0,-123.2,135.7928,0,0,-1,0,1,0,0,0,0,1,179.025145769,135.715956688,,,,,-133.689377891,133.185273252,-133.903783866,132.474714357,-134.420670815,133.052343876,69,62.000705719,430,406,3623,3646,1585,1609,3634.13767208,1596.78507126,8.00415253562,9.16883784135,0.153640486107,2.11485567902e-05,2.27368962278e-05,-2.33309185541e-07,3.0312974453,2.82563734055,1.4418194294,0.124975346029,0.109100170434,-0.00418837647885,460058.84375,460641.4375,19643.8300781,27873.1425781,3634,1597,3634,1597,0,3634.05624806,1596.52128042,3634.1,1596.66,3634.18087481,1596.83203126,3011.45444278,4209.62402654,3011.25817453,4209.81817661,3011.36355133,4209.71461318,3011.47611102,4209.56400816,69,-133.695165081,133.202471714,0.0181460373178,False,178.939113989,135.704929888,-133.910774428,132.49227704,-134.426682137,133.070781332
357,357,R+7C6,802,FTO391,flatNominal,391,391,7.38219664273,14.3301044007,0.0,14.965,0.376,14.975522298,-0.3748339495,0.254786292767,0.59704370132,0.192701489196,-0.326360077548,-1.0,flatNominal,Boss,7.0,5.0,-100.8,135.7928,0,0,-1,0,1,0,0,0,0,1,234.592738152,103.09132576,,,,,-112.405859092,126.514161724,-112.28825573,125.785712775,-112.990867384,126.050664096,90,62.000705719,433,406,3591,3614,1765,1790,3601.7351576,1777.41197633,7.90780860892,9.27798406019,0.146512163878,2.10516385369e-05,2.48886748453e-05,-2.03209095398e-07,3.0485200882,2.80932688713,1.46545362473,0.126494288445,0.107813581824,-0.00399503856897,453942.28125,454439.78125,19536.6152344,26643.4902344,3602,1777,3602,1777,0,3601.48301937,1777.21942953,3601.68,1777.29,3601.70838787,1777.47034137,3186.6005493,4154.85320264,3186.54637538,4155.16579366,3186.52149741,4154.96137774,3186.66467862,4154.84995817,90,-112.416652004,126.524835884,0.0151797441391,False,234.54499348,103.077463029,-112.299831976,125.796260903,-113.002158334,126.061967556
358,358,R+7C7,16,FTO392,flatNominal,392,392,7.38503810017,14.3118807964,0.0,14.9405093659,0.387058911292,14.9530551091,-0.363538710982,0.246789380599,-5.99784558447,0.207114660575,-0.224392278619,0.0101161616517,flatNominal,ApogeeBoss,7.0,6.0,-78.4,135.7928,0,0,-1,0,1,0,0,0,0,1,358.087069988,73.244073987,,,,,-65.8075757767,122.286938891,-65.0751660523,122.379483339,-65.3740553942,121.690847479,135,62.000705719,453,430,3442,3466,2123,2147,3454.1783838,2134.67334724,8.19500484792,9.46455377358,0.229509333593,1.97052489603e-05,2.120422296e-05,2.75449888961e-07,3.0829808712,2.85565900803,1.39732813835,0.122108481824,0.105729185045,-0.00592210423201,502015.875,502547.71875,21329.0664062,30845.5683594,3454,2134,3454,2134,0,3454.12796246,2134.50175455,3454.16,2134.49,3454.20668122,2134.81809115,3571.60830857,4120.53536556,3571.47946242,4120.65940197,3571.45276554,4120.63205815,3571.723575,4120.44335906,135,-65.8187114061,122.338892994,0.0531340853404,False,357.822233506,73.7324292265,-65.0866682827,122.434293962,-65.3828688933,121.744497336
359,359,R+7C8,448,FTO393,flatNominal,393,393,7.42672257382,14.3186035498,0.0,14.9772576322,0.345499362892,14.9552602129,-0.406479386902,0.63829904931,8.81535993116,0.220984516883,-0.306920890728,0.0214626233613,flatNominal,ApogeeBoss,7.0,7.0,-56.0,135.7928,0,0,-1,0,1,0,0,0,0,1,38.6981767416,94.4817137718,,,,,-42.9092072911,141.207713174,-42.7840557431,141.940878981,-42.1997559586,141.46701224,148,62.000705719,452,430,3217,3240,2219,2244,3228.07111335,2231.01268327,8.51676921575,9.76038471917,0.138039443536,2.10120312292e-05,2.40057074721e-05,1.83207838085e-08,3.12658333778,2.91575574875,1.46156919003,0.117442339659,0.102478466928,-0.00332193356007,479120.5625,479688.03125,19878.7148438,28531.7128906,3228,2231,3228,2231,0,3228.05478051,2230.62736713,3228.07,2230.77,3228.10266947,2231.07553258,3761.56324101,4276.49333765,3761.22912177,4276.68595026,3761.34913067,4276.60862069,3761.60438288,4276.43630108,148,-42.9283078657,141.248471364,0.0450117976623,False,38.8635736005,94.4956559231,-42.8054517772,141.982025309,-42.2196716278,141.509989778
360,360,R+7C9,904,FTO394,flatNominal,394,394,7.38952405983,14.3053709562,0.0,14.9494433681,0.381589405135,14.950704795,-0.366203460566,-0.351318367831,0.939233512723,0.142812249547,-0.223573576975,0.0144337758098,flatNominal,ApogeeBoss,7.0,8.0,-33.6,135.7928,0,0,-1,0,1,0,0,0,0,1,71.8380814791,40.170173049,,,,,-13.6092228802,138.800242692,-13.1612115758,139.400013995,-12.8727198336,138.710109454,183,62.000705719,452,431,3122,3146,2441,2468,3133.69685365,2455.58031305,8.55578019591,10.9948853482,-0.0628244801905,2.40835186577e-05,2.99626571634e-05,-4.29037517102e-07,3.31609749794,2.92475008965,-1.54506194592,0.116884954274,0.0909551978111,0.00133575499058,442410.65625,442992.46875,17730.5976562,24567.2851562,3134,2455,3134,2455,0,3133.58553584,2455.10514669,3133.7,2455.29,3133.72516926,2455.38406317,4004.32198007,4256.36088,4003.9520994,4256.67925559,4004.0612359,4256.4886454,4004.13487002,4256.42649722,183,-13.6025824793,138.834049977,0.0344532653067,False,72.0640929857,39.9708376608,-13.1548504686,139.434029804,-12.8660375478,138.744259655
361,361,R+7C10,481,FTO395,flatNominal,395,395,7.46002123672,14.385770735,0.0,15.0287980477,0.395365997042,15.0539875184,-0.327208611155,0.833747870325,0.220690387682,0.136743007428,-0.213537261437,0.0115082391781,flatNominal,ApogeeBoss,7.0,9.0,-11.2,135.7928,0,0,-1,0,1,0,0,0,0,1,50.7845592499,70.396925211,,,,,6.60264510276,138.697616248,6.93566460452,139.375035178,7.34239748617,138.777275246,205,62.000705719,448,427,3047,3069,2590,2618,3057.48253792,2604.82572882,8.03324785191,13.7854620365,-0.0412932156344,2.72516749116e-05,4.40873232147e-05,-2.40624453972e-07,3.71291780472,2.8342461586,-1.56361818314,0.124484568834,0.0725413039327,0.000745766563341,384276.75,384867.96875,13484.4423828,19379.6308594,3057,2604,3057,2604,0,3057.51737137,2604.17988121,3057.47,2604.55,3057.51780416,2604.43911279,4171.89529526,4254.94663612,4171.30650205,4255.21432074,4171.65919284,4255.08692954,4171.53616936,4255.09409542,205,6.63781013346,138.695284517,0.0352422523925,False,51.0170439148,70.0416376778,6.97228079094,139.371988127,7.37773155189,138.773357811
362,362,R+7C11,818,FTO396,flatNominal,396,396,7.38084112276,14.3604362705,0.0,14.9854110701,0.406814598729,15.0069029879,-0.3748339495,0.224687144129,4.98768437061,0.0952303678087,-0.119352703024,0.0178435319868,flatNominal,ApogeeBoss,7.0,10.0,11.2,135.7928,0,0,-1,0,1,0,0,0,0,1,4.82450611889,88.9365363121,,,,,25.9149190457,130.585255377,26.468791294,131.08457206,26.6119386971,130.315842474,231,62.000705719,447,431,3032,3053,2763,2791,3043.09324552,2777.87001182,7.41493671251,17.4866825593,-0.0747320342795,3.10249384985e-05,5.76675243655e-05,9.11024592218e-08,4.18177461624,2.72293639183,-1.56337690353,0.134868726134,0.0571888387203,0.00115276465658,346027.59375,346744.625,11977.5380859,18169.5371094,3043,2777,3043,2777,0,3043.0899085,2777.22019298,3043.11,2777.67,3043.16982804,2777.46496454,4331.99026495,4187.70843051,4331.41559637,4188.01179775,4331.80587185,4187.78967802,4331.59569525,4187.82777427,231,25.9877930759,130.580071072,0.0730582048419,False,5.37817180098,88.3351913358,26.5420806441,131.078926672,26.6845882912,130.31007823
363,363,R+7C12,619,FTO397,flatNominal,397,397,7.4593349908,14.3114433963,0.0,14.9697218682,0.35752159023,14.9584005581,-0.39024756509,-0.435403320792,-1.62496077796,0.102198568344,-0.367026153198,0.0166111545072,flatNominal,ApogeeBoss,7.0,11.0,33.6,135.7928,0,0,-1,0,1,0,0,0,0,1,146.635959148,99.6068787575,,,,,24.4995538528,148.121959514,23.7512780855,148.086808266,24.0871276765,148.755008786,219,62.000705719,436,418,2910,2931,2685,2713,2920.40848892,2700.81342667,7.6034344659,15.5960676012,0.0104884462497,2.76390096751e-05,5.06328165327e-05,1.9995187696e-07,3.94918751717,2.7574300766,1.56948411465,0.131519630551,0.0641187876463,-0.000176895438926,360514.4375,361217.75,12243.4873047,17302.3007812,2920,2700,2920,2700,0,2920.54311316,2700.1382278,2920.44,2700.59,2920.47838446,2700.3353974,4320.37877769,4332.11909556,4319.71782513,4332.31186204,4320.16630066,4332.19412495,4319.92258432,4332.27810807,219,24.5636474253,148.083513059,0.0747403235422,False,146.058173564,100.168149937,23.8153615575,148.048577489,24.1514037304,148.716681178
364,364,R+7C13,1241,FTO398,flatNominal,398,398,7.3723043906,14.3326588097,0.0,14.9706785863,0.379574747067,14.9788799023,-0.379898171753,-0.532822575296,0.316308818541,0.064030579402,-0.165939758166,0.0127709556768,flatNominal,ApogeeBoss,7.0,12.0,56.0,135.7928,0,0,-1,0,1,0,0,0,0,1,76.5152049065,74.3185722828,,,,,70.0190203052,146.431977803,70.0013122236,147.174158811,70.6671117279,146.808676395,271,62.000705719,459,437,2749,2770,3028,3056,2759.6798611,3040.7083841,7.50626900203,17.2803114892,0.073919594804,2.92754617968e-05,5.64988033826e-05,-2.26568854867e-08,4.15702676773,2.73965501785,1.56323409081,0.133227586746,0.0578717663884,-0.00113980926108,363828.65625,364440.03125,12524.5361328,17773.0351562,2760,3041,2760,3041,0,2759.52196822,3040.44366644,2759.67,3040.36,2759.72076796,3040.95100494,4696.07657311,4317.50949607,4695.91483422,4317.77188153,4695.77241787,4317.67734926,4696.27280027,4317.3610604,271,69.9658746462,146.459089268,0.0596614830261,False,76.4964672104,74.5781623782,69.9450468483,147.201189279,70.612376832,146.838508884
365,365,R+7C14,604,FTO399,flatNominal,399,399,7.38857808318,14.3872269173,0.0,15.0525222935,0.340646557095,15.0204416908,-0.394287185803,0.386616182856,0.563905552995,0.146993744974,-0.160017549721,0.0130067549483,flatNominal,ApogeeBoss,7.0,13.0,78.4,135.7928,0,0,-1,0,1,0,0,0,0,1,260.975739956,144.145463705,,,,,81.2970142171,126.774215302,82.0124918729,126.557998424,81.4795214718,126.050948798,301,62.000705719,430,400,2849,2872,3186,3215,2860.72663919,3198.57734098,8.23317852906,11.7409476939,0.18183443914,2.89672814364e-05,4.39820712613e-05,-2.89529728842e-07,3.4278781414,2.86771297455,1.51914322376,0.121501334012,0.0852011442184,-0.00376343168318,367956.28125,368465.75,14590.1826172,20655.9335938,2861,3199,2861,3199,0,2860.57244019,3198.59178074,2860.7,3198.46,2860.70214168,3199.0617117,4789.34962906,4154.92660661,4789.43371864,4155.05666344,4789.25982199,4155.00297419,4789.79045826,4154.72440687,301,81.2676304248,126.773798189,0.0293867527561,False,260.695774117,144.225492856,81.9823492256,126.555085935,81.4476126962,126.049899221
366,366,R+7C15,1043,FTO400,flatNominal,400,400,7.37046513406,14.3329750656,0.0,14.965,0.376,14.9784922251,-0.3748339495,0.596721542201,-0.140048191004,0.0235281855922,-0.227981613055,-1.0,flatNominal,Boss,7.0,14.0,100.8,135.7928,0,0,-1,0,1,0,0,0,0,1,298.669402599,125.068820715,,,,,107.046021554,125.926790558,107.778698008,125.990168249,107.463998294,125.308334142,326,62.000705719,431,412,2758,2781,3379,3407,2769.36890906,3391.02394083,8.50151092168,9.48302593924,0.224797975072,2.30728572788e-05,2.88062236872e-05,-7.56019263737e-08,3.08740377426,2.90731406212,1.35602676868,0.117699928582,0.105517715216,-0.00558022409678,433808.75,434492.21875,18998.7402344,27820.8652344,2769,3391,2769,3391,0,2769.3850964,3390.78353274,2769.36,3390.84,2769.37125992,3391.22753816,5002.2312878,4146.96871614,5002.01062836,4147.06550195,5002.06875293,4147.0631045,5002.41073606,4146.87250948,326,107.024550504,125.915591957,0.0242159994277,False,298.532518108,125.087668816,107.757355969,125.977460111,107.441252261,125.296275771
367,367,R+7C16,1240,FTO401,flatNominal,401,401,7.39450899744,14.3253238352,0.0,14.9681635646,0.383082453513,14.9730525817,-0.371753636721,0.188027381758,0.495497057897,-0.0423344800612,-0.102559885881,0.0154746177282,flatNominal,ApogeeBoss,7.0,15.0,123.2,135.7928,0,0,-1,0,1,0,0,0,0,1,231.291882992,148.71628046,,,,,122.373748916,127.039080245,122.959261183,126.573064721,122.254843049,126.301777939,340,62.000705719,425,404,2692,2714,3488,3512,2703.33109205,3499.58370378,8.43392042079,9.01277156265,0.245894086489,2.2985057694e-05,2.55116530437e-05,1.82190327014e-08,3.01713824272,2.88852357864,1.21866726875,0.118663214147,0.111041985452,-0.0064749410376,433332.46875,433919.40625,18675.2636719,27679.828125,2703,3499,2703,3499,0,2703.38047557,3499.23220326,2703.35,3499.31,2703.38961119,3499.59399213,5129.02302842,4155.33949381,5128.68851399,4155.45820121,5128.77134044,4155.44707546,5129.00509823,4155.28284712,340,122.380970137,127.003146726,0.0366519276146,False,231.836586268,148.388668106,122.968243907,126.539353019,122.264858719,126.265399185
368,368,R+7C18,698,FTO403,flatNominal,403,403,7.37706865676,14.3006407037,0.0,14.929271727,0.385229557036,14.9467224508,-0.364352280636,-0.301408433654,-0.201999570754,0.0821723699904,-0.18925800714,0.0236589326469,flatNominal,ApogeeBoss,7.0,17.0,168.0,135.7928,0,0,-1,0,1,0,0,0,0,1,219.513015747,137.020754814,,,,,162.157058085,127.160169956,162.497844668,126.506378491,161.748853094,126.540861557,390,62.000705719,437,415,2541,2564,3778,3803,2552.527267,3790.52034701,8.35441007627,9.22032635534,0.404991213913,2.20075983734e-05,2.42255801133e-05,8.62305123373e-07,3.06271409988,2.86260700226,1.19477880001,0.11995267123,0.108687452972,-0.0105375396088,456889.8125,457482.5625,19696.4160156,27337.8769531,2553,3790,2552,3790,0,2552.37149672,3790.06432246,2552.56,3790.19,2552.57706857,3790.39232271,5456.7200231,4154.562514,5456.38766614,4154.9114576,5456.41072807,4154.68237945,5456.58347759,4154.5775387,390,162.177120464,127.127444809,0.0383853399318,False,219.867837692,136.888278132,162.520441615,126.47498074,161.771321865,126.506556973
369,369,R+7C19,200,FTO404,flatNominal,404,404,7.36776760971,14.2981882479,0.0,14.965,0.376,14.9425025434,-0.3748339495,-0.312416173641,-0.123719933447,0.106308145576,-0.207875141539,-1.0,flatNominal,Boss,7.0,18.0,190.4,135.7928,0,0,-1,0,1,0,0,0,0,1,240.011980534,151.544723511,,,,,191.220740641,127.163366559,191.887262762,126.786853379,191.232860029,126.418051511,410,62.000705719,439,416,2432,2454,3992,4016,2443.23863538,4002.88510768,8.39040164516,9.37969924237,0.293055293956,2.38549560046e-05,2.72247815324e-05,4.64756043727e-07,3.07571005821,2.88272571564,1.30337107182,0.119314007461,0.106729693711,-0.00745559111238,438189.46875,438616.65625,18893.0058594,27649.4414062,2443,4002,2443,4002,0,2443.31824146,4002.41071656,2443.29,4002.45,2443.31748655,4002.76051415,5695.55300532,4153.29634739,5695.09554885,4153.44506742,5695.14227613,4153.45140989,5695.40607247,4153.28402702,410,191.276413618,127.168863082,0.0559436511666,False,240.405884815,151.531101947,191.945420028,126.796781993,191.293479496,126.423644888
370,370,R+7C20,1155,FTO405,flatNominal,405,405,7.40008138612,14.3226822751,0.0,14.970865875,0.364165074365,14.9656126907,-0.378058748979,0.371118254504,2.19470229918,0.147489157973,-0.212775824704,0.0188488179727,flatNominal,ApogeeBoss,7.0,19.0,212.8,135.7928,0,0,-1,0,1,0,0,0,0,1,218.914132118,112.760914564,,,,,201.677150897,128.473575065,201.72343517,127.731540061,201.057249861,128.058833407,423,62.000705719,434,417,2383,2406,4064,4087,2394.71282511,4073.99378833,8.37725193368,8.82615647639,0.357352050155,2.15756279723e-05,2.15775165632e-05,6.91725376621e-07,3.003947258,2.860019207,1.06581032276,0.119577407837,0.113495618105,-0.00968286301941,470938.84375,471511.71875,20114.4785156,28016.8535156,2395,4074,2395,4074,0,2394.67680447,4073.31966996,2394.76,4073.58,2394.84382629,4073.8498426,5781.04017801,4163.45223396,5780.45907189,4163.79581618,5780.65268279,4163.60599861,5780.85197635,4163.40261725,423,201.730130376,128.48008873,0.053378395361,False,218.667453715,113.133123042,201.778040271,127.738156912,201.11113949,128.063989919
371,371,R+6C1,383,FTO406,flatNominal,406,406,7.4036530719,14.343455884,0.0,14.9768666813,0.393829910611,14.989335451,-0.3748339495,-0.204631123084,0.372418305427,0.211611769457,-0.191563390665,0.0127474884413,flatNominal,ApogeeBoss,6.0,0.0,-224.0,116.3938,0,0,-1,0,1,0,0,0,0,1,274.580290318,117.55866766,,,,,-223.907750104,103.494249786,-223.236357913,103.16937479,-223.879367821,102.748022374,16,62.000705719,415,388,4185,4207,1042,1066,4195.41440056,1053.77207538,7.7532785645,8.84372605475,0.373156098834,2.37502746083e-05,2.59308042121e-05,5.97790122889e-07,2.99319148064,2.76365876198,1.27070355415,0.12924015522,0.11330460757,-0.0109064327553,417488.875,417921.5625,18588.5136719,26668.3261719,4195,1054,4195,1054,0,4195.23825876,1053.62442775,4195.3,1053.74,4195.47486986,1053.75132458,2270.47507925,3962.95772875,2270.4255858,3963.18217508,2270.50343114,3963.07438492,2270.4287243,3962.91370205,16,-223.857288187,103.49466664,0.0504636381178,False,274.814173839,117.552374201,-223.18461083,103.172461101,-223.825941975,102.748557854
372,372,R+6C3,1011,FTO408,flatNominal,408,408,7.39552899962,14.3285606831,0.0,14.9797143326,0.364666911799,14.9746357048,-0.379732258745,0.766828658897,0.236444315321,0.114660884148,-0.260988173228,0.0167297877341,flatNominal,ApogeeBoss,6.0,2.0,-179.2,116.3938,0,0,-1,0,1,0,0,0,0,1,216.36865139,80.8357071877,,,,,-196.552590143,115.402276368,-196.954046679,114.773137527,-197.301424963,115.431532731,32,62.000705719,399,378,3994,4016,1196,1219,4004.64727472,1207.64917819,7.41004315719,8.55227737514,0.30219555308,2.16917410713e-05,2.39957985844e-05,3.85653013804e-07,2.93722653389,2.70832419395,1.3274564743,0.135146737099,0.117096662521,-0.00955084618181,418662.71875,419167.625,17880.1582031,24578.734375,4005,1208,4004,1207,0,4004.28432171,1207.44293538,4004.55,1207.61,4004.69107047,1207.4203309,2495.11266202,4060.97923397,2495.09757264,4061.39641893,2495.12250332,4061.08209715,2494.8894906,4061.04619417,32,-196.445013603,115.314870546,0.138609125668,False,215.954479567,81.7936281797,-196.840481489,114.681950185,-197.194092347,115.337019096
373,373,R+6C4,325,FTO409,flatNominal,409,409,7.40186304999,14.3253833561,0.0,14.965,0.376,14.9706380083,-0.3748339495,-1.03186266714,-8.40474911864,0.130134358774,-0.188608858932,-1.0,flatNominal,Boss,6.0,3.0,-156.8,116.3938,0,0,-1,0,1,0,0,0,0,1,36.2055435777,74.4670647383,,,,,-138.67390684,113.004621358,-138.119813599,113.498044231,-137.967983205,112.762700136,71,62.000705719,405,383,3790,3812,1626,1649,3801.06648537,1636.62541472,7.8534832978,8.76258754188,0.140892333083,2.46649740535e-05,2.60302809424e-05,-3.55061127593e-07,2.96376824379,2.79859757423,1.42051243782,0.12736877799,0.114154472947,-0.00409588683397,403992.71875,404402.25,17151.75,23881.125,3801,1636,3801,1636,0,3800.96695961,1636.55407971,3801.0,1636.5,3801.14995251,1636.61188751,2969.6114993,4043.18590063,2969.59425499,4043.30713055,2969.53221735,4043.30221282,2969.5609179,4043.11814171,71,-138.66975573,113.021765445,0.0176394852414,False,36.2683808902,74.4550577267,-138.11610045,113.515679691,-137.963617751,112.780470582
374,374,R+6C5,612,FTO410,flatNominal,410,410,7.37039952561,14.3886549633,0.0,15.0327201967,0.370779317261,15.0351303968,-0.377769966613,0.458882443784,0.184566085252,0.0840711776473,-0.465906037655,0.0127694691263,flatNominal,ApogeeBoss,6.0,4.0,-134.4,116.3938,0,0,-1,0,1,0,0,0,0,1,186.562743187,116.528366804,,,,,-147.732776186,115.634167142,-148.062482413,114.968140768,-148.480190729,115.589310312,66,62.000705719,415,399,3805,3828,1549,1573,3816.36281586,1560.63167775,7.85067138418,8.85383768815,0.192954552109,2.29137669428e-05,2.44375873243e-05,2.60891261924e-07,2.98155522346,2.7955031395,1.38717639446,0.127445906401,0.113005906343,-0.0055549396202,427826.625,428384.0,18256.1171875,26322.7421875,3816,1560,3816,1560,0,3816.24506615,1560.57584676,3816.28,1560.52,3816.50851814,1560.63159335,2895.15445373,4064.75379689,2895.15938207,4064.88401903,2895.09599767,4064.87818572,2895.0870214,4064.62463791,66,-147.723011036,115.653403199,0.0215727616599,False,186.399107322,116.612110875,-148.053645633,114.987837207,-148.470487399,115.609588589
375,375,R+6C6,1290,FTO411,flatNominal,411,411,7.35787817348,14.3508436422,0.0,14.965,0.376,14.9969786642,-0.3748339495,0.124364646901,0.998982445608,0.249329283785,-0.35124523989,-1.0,flatNominal,Boss,6.0,5.0,-112.0,116.3938,0,0,-1,0,1,0,0,0,0,1,100.768994093,43.9809349179,,,,,-97.0747671221,129.414584909,-97.0414622853,130.133928234,-96.4019820443,129.739163397,104,62.000705719,442,421,3511,3534,1866,1891,3521.95255254,1878.40975872,8.15800214606,9.47766581648,0.187405473291,2.23067746709e-05,2.42898115139e-05,4.0624047489e-07,3.08281731606,2.85164952278,1.43243002892,0.122634738684,0.105559162796,-0.00484980596229,459990.53125,460520.28125,19976.9472656,28683.1347656,3522,1878,3522,1878,0,3521.86164098,1878.1874635,3521.92,1878.25,3521.89040508,1878.49892583,3313.04103651,4178.90770977,3312.88594955,4179.09108946,3312.91629481,4179.00926766,3313.14883379,4178.921596,104,-97.1192716299,129.42533092,0.0457834902406,False,100.593527652,44.3910978803,-97.0889136578,130.144804634,-96.4478217399,129.752662559
376,376,R+6C7,1251,FTO412,flatNominal,412,412,7.38936252337,14.316679087,0.0,14.9874453573,0.336511155775,14.979814688,-0.406755240273,-0.184154472033,0.643576073049,0.125620251733,-0.256425259346,0.0214777424102,flatNominal,ApogeeBoss,6.0,6.0,-89.6,116.3938,0,0,-1,0,1,0,0,0,0,1,35.0373771787,62.7094084024,,,,,-71.4634938466,112.247838399,-70.8476280147,112.676646543,-70.7490895599,111.939901448,133,62.000705719,432,407,3539,3561,2119,2143,3549.67063182,2131.0370072,8.09804573441,9.35560921604,0.176482275817,2.01332891046e-05,2.34998527448e-05,2.55313382446e-07,3.06266331673,2.84143424034,1.43397986889,0.123537369072,0.106931708753,-0.00466076657176,464787.09375,465285.90625,19413.8710938,26788.8105469,3550,2131,3550,2131,0,3549.36035938,2130.72664126,3549.6,2130.85,3549.70215941,2131.1966789,3524.2382501,4037.54096839,3524.10647805,4037.95957576,3524.10594913,4037.68728548,3524.36526009,4037.43919657,133,-71.5085704528,112.295107102,0.0653163892995,False,34.7108974459,63.3240176244,-70.894868793,112.727006883,-70.79262665,111.990766632
377,377,R+6C9,717,FTO414,flatNominal,414,414,7.34872052753,14.3275650974,0.0,14.965,0.376,14.9728951902,-0.3748339495,0.080385021132,1.32674488096,0.168387039513,-0.26084036185,-1.0,flatNominal,Boss,6.0,8.0,-44.8,116.3938,0,0,-1,0,1,0,0,0,0,1,33.1406182051,108.946523666,,,,,-32.5111837898,121.594200752,-32.434199576,122.330252847,-31.8259843348,121.889925498,170,62.000705719,448,432,3320,3344,2367,2396,3331.99362765,2382.23984311,8.46095137054,10.7745403752,0.0885433734416,2.27281374093e-05,3.14639062859e-05,2.35327866882e-07,3.28297495842,2.90818977356,1.53259980679,0.118200182915,0.0928193628788,-0.00194269872736,440465.375,441242.1875,18442.4492188,26185.4492188,3332,2382,3332,2382,0,3331.93970123,2381.73836288,3331.97,2381.91,3332.04610212,2382.10873868,3847.61740331,4114.43092991,3847.19765768,4114.71057985,3847.33678064,4114.59895585,3847.4768909,4114.4450084,170,-32.4889778442,121.624540565,0.0375979817206,False,33.4528570525,108.69016726,-32.4127115625,122.360667394,-31.804067145,121.920933467
378,378,R+6C10,506,FTO415,flatNominal,415,415,7.38249206029,14.3075777704,0.0,14.965,0.376,14.9522167382,-0.3748339495,0.971135608257,0.124998531934,0.13963319428,-0.272016639247,-1.0,flatNominal,Boss,6.0,9.0,-22.4,116.3938,0,0,-1,0,1,0,0,0,0,1,266.220467091,142.736617327,,,,,-19.0768640824,107.42933108,-18.3314366415,107.295473251,-18.8233291253,106.728060865,192,62.000705719,419,399,3374,3397,2521,2548,3384.85738845,2535.14367328,7.8320793102,11.8342707656,0.00654045297085,2.78219627604e-05,4.03213802549e-05,3.98293381326e-08,3.44009900093,2.79858326912,1.56916213036,0.127680078149,0.084500387311,-0.000141130032716,367448.59375,367985.84375,14075.8925781,18711.9550781,3385,2535,3385,2535,0,3384.77125227,2534.465946,3384.85,2534.88,3384.95158193,2534.88276789,3958.76253656,3996.86853013,3958.20139851,3997.25821949,3958.53549794,3996.99732168,3958.48763976,3996.90562167,192,-19.0328892891,107.408924277,0.048479068086,False,266.820596418,142.432777877,-18.2867796081,107.278923,-18.7757313058,106.708974521
379,379,R+6C11,623,FTO416,flatNominal,416,416,7.39918630032,14.3151454448,0.0,14.965,0.376,14.9600460889,-0.3748339495,1.04230527052,-7.98316734543,0.16500653612,-0.249906667417,-1.0,flatNominal,Boss,6.0,10.0,0.0,116.3938,0,0,-1,0,1,0,0,0,0,1,185.288779736,146.315531731,,,,,-9.34540849493,111.905005247,-9.41454110071,111.157404,-10.0241827709,111.595711192,202,62.000705719,454,430,3303,3327,2575,2603,3314.4132418,2589.50952043,8.3131513854,13.0328807156,0.151368711741,2.81047135688e-05,4.22451912504e-05,1.15544335885e-06,3.61077976227,2.88241243362,1.53876876831,0.120316773653,0.0767452344298,-0.00279480731115,391224.03125,391792.125,14123.2949219,19541.2324219,3314,2589,3314,2589,0,3314.41631193,2588.88361007,3314.4,2589.25,3314.51011894,2589.16969756,4039.53614803,4034.20010959,4038.97971773,4034.48674267,4039.31358264,4034.33669429,4039.1900324,4034.27130464,202,-9.29294961403,111.938640102,0.0623156293442,False,184.612000968,146.823048322,-9.36429046528,111.191246347,-9.9726346378,111.631352617
380,380,R+6C12,849,FTO417,flatNominal,417,417,7.44908673959,14.3573701118,0.0,14.965,0.376,15.0037308071,-0.3748339495,0.77694905368,-1.88142278422,0.0758273148886,-0.182462675981,-1.0,flatNominal,Boss,6.0,11.0,22.4,116.3938,0,0,-1,0,1,0,0,0,0,1,212.240731716,60.8985686302,,,,,3.81022948254,122.054263682,3.21633336464,121.656925687,3.15096714977,122.405910969,208,62.000705719,443,432,3179,3202,2633,2662,3190.31086979,2648.19016826,8.0033512375,14.684424564,-0.0574164966909,2.98098743951e-05,5.02725778431e-05,3.82269806255e-07,3.83209061623,2.82893228531,-1.56220328808,0.124951161444,0.0681012794375,0.00097712490242,360135.5,360995.21875,12143.7929688,17625.3574219,3190,2648,3190,2647,0,3190.30246556,2647.30477318,3190.32,2647.92,3190.35662154,2647.75888769,4148.94175297,4117.11712095,4148.16053536,4117.53388723,4148.69466689,4117.2319866,4148.53817445,4117.27593069,208,3.89162554088,121.991115866,0.103019245615,False,211.537578303,62.0509830798,3.30086320881,121.589133344,3.22962620682,122.337583065
381,381,R+6C13,730,FTO418,flatNominal,418,418,7.4031738468,14.3458441374,0.0,14.965,0.376,14.9918062857,-0.3748339495,0.523089457156,2.19839288599,0.127946266352,-0.265129932414,-1.0,flatNominal,Boss,6.0,12.0,44.8,116.3938,0,0,-1,0,1,0,0,0,0,1,99.5733511448,45.2010583878,,,,,59.5322828304,129.66228084,59.5478917757,130.386495133,60.1955144066,130.005634103,268,62.000705719,474,452,2912,2933,3014,3043,2921.87283812,3027.49307556,7.47674385047,17.5567054026,-0.0875429651082,2.60188425392e-05,5.12085673105e-05,-5.56092609614e-07,4.19016313553,2.73422455788,-1.56211233139,0.133755877614,0.0569616220891,0.00133389327675,396301.0,397016.8125,14521.2050781,19622.2050781,2922,3027,2922,3027,0,2921.75735383,3027.32755463,2921.82,3027.15,2921.97220006,3027.66597135,4609.37715798,4179.79814,4609.28377412,4179.97706247,4609.09164437,4180.00127231,4609.48453461,4179.63010427,268,59.4849715639,129.728050316,0.0810183922649,False,99.8908680747,45.0728062605,59.4981881356,130.452312219,60.1470653268,130.07359255
382,382,R+6C15,577,FTO420,flatNominal,420,420,7.35633448736,14.3440836848,0.0,14.9925675174,0.378758893299,14.9883651699,-0.371368807646,0.775559561691,1.01049407535,0.030664773254,-0.293620671633,0.0115183402582,flatNominal,ApogeeBoss,6.0,14.0,89.6,116.3938,0,0,-1,0,1,0,0,0,0,1,323.496937752,56.5234994888,,,,,90.3392279781,97.073563578,90.9317785521,96.6121815263,90.2337661179,96.3374309681,325,62.000705719,430,411,3032,3056,3367,3394,3043.64421561,3378.73517763,8.70816276453,9.56890810905,0.338284776314,2.41597812286e-05,2.7457875312e-05,6.27823677751e-07,3.11222505569,2.93106222153,1.23771488667,0.114992707968,0.104648850858,-0.00813055876642,433717.0625,434403.90625,17877.703125,24363.7050781,3044,3379,3044,3379,0,3043.44476584,3378.35448251,3043.61,3378.52,3043.66080679,3378.9245529,4864.53832599,3909.44270546,4864.29295843,3909.79555634,4864.36229198,3909.57046829,4864.69857994,3909.34044633,325,90.3461578768,97.0953629266,0.0228743326686,False,323.334222774,56.7889552824,90.9395348321,96.6350441574,90.2420161932,96.3590423897
383,383,R+6C16,790,FTO421,flatNominal,421,421,7.44643232646,14.3317657855,0.0,14.965,0.376,14.9772411304,-0.3748339495,-0.35972861741,1.38766637691,0.114304625263,-0.21473600488,-1.0,flatNominal,Boss,6.0,15.0,112.0,116.3938,0,0,-1,0,1,0,0,0,0,1,111.885849237,95.2631807327,,,,,111.944901586,131.645136323,111.31444914,132.0257822,111.970524048,132.391113803,329,62.000705719,420,396,2697,2720,3393,3420,2708.93285762,3405.06260086,8.67090853551,8.73924210804,0.293313643615,2.27817997061e-05,2.42446055412e-05,5.19153930928e-09,3.00006198883,2.89996170998,0.843379616737,0.115459255874,0.114556461573,-0.00775027740747,440197.65625,440737.5625,19635.4003906,28563.4628906,2709,3405,2709,3405,0,2708.93434175,3404.83081115,2708.94,3404.9,2708.99791815,3405.24010171,5042.6190377,4194.0689279,5042.41281763,4194.17476719,5042.4736106,4194.140337,5042.74635514,4193.92917921,329,111.926114052,131.646695326,0.0188521063337,False,111.965289308,95.2517578616,111.295210176,132.02659251,111.950850929,132.392702697
384,384,R+6C17,681,FTO422,flatNominal,422,422,7.35073795569,14.3236752868,0.0,14.9702335954,0.37856897535,14.9698627555,-0.369606724929,0.0917799877591,-3.53939984102,0.00830633667127,-0.0986436571726,0.0238300791841,flatNominal,ApogeeBoss,6.0,16.0,134.4,116.3938,0,0,-1,0,1,0,0,0,0,1,167.066055536,53.4871315956,,,,,127.293910518,134.975854248,126.601932936,135.263115698,127.198845718,135.714183484,341,62.000705719,435,413,2616,2639,3493,3517,2626.95691037,3504.75415626,8.59645824565,8.823665144,0.276993805493,2.37967127341e-05,2.4364374287e-05,-4.0312509004e-07,3.00157403946,2.90011668205,0.980002403259,0.116444759071,0.113446339965,-0.00731090269983,445216.9375,445832.03125,19094.9023438,26917.0273438,2627,3504,2627,3504,0,2626.95750348,3504.50758217,2626.96,3504.49,2627.01181791,3504.7655998,5168.91523133,4220.67219124,5168.69631348,4220.78565536,5168.67861979,4220.78660204,5168.89999512,4220.618213,341,127.234295521,134.955760195,0.0629104039196,False,167.270051997,53.454299428,126.541462868,135.240953166,127.137025477,135.693802141
385,385,R+6C18,908,FTO423,flatNominal,423,423,7.43088108118,14.3511304155,0.0,14.965,0.376,14.9972753536,-0.3748339495,0.77451056346,-1.31682124352,0.0100674889038,-0.114803433926,-1.0,flatNominal,Boss,6.0,17.0,156.8,116.3938,0,0,-1,0,1,0,0,0,0,1,99.8505520821,171.636078358,,,,,149.639492338,117.517330692,149.031902887,117.131264732,148.987257616,117.881464784,382,62.000705719,454,433,2659,2682,3723,3749,2670.00469369,3735.59795603,8.48450235071,9.62206453274,0.411511422258,2.18064603099e-05,2.5892474998e-05,9.36677450977e-07,3.12335062027,2.8898525238,1.25763511658,0.118106938899,0.104143828154,-0.0101022711024,469310.84375,469889.5625,20949.5449219,31135.2324219,2670,3735,2670,3735,0,2670.01010098,3735.11553657,2670.03,3735.22,2670.05794425,3735.45994521,5353.7096436,4075.78258936,5353.27936995,4076.00081484,5353.3625544,4075.93552317,5353.56264833,4075.79917245,382,149.625154739,117.498322812,0.0238089532179,False,100.516784566,171.384494972,149.02037513,117.107869881,148.970301884,117.857727192
386,386,R+6C19,501,FTO424,flatNominal,424,424,7.40530824943,14.3356675738,0.0,14.9772731847,0.36573923674,14.9710766539,-0.391287681391,-0.437426465193,3.72782371996,0.0525417430438,-0.145556767645,0.0296473094925,flatNominal,ApogeeBoss,6.0,18.0,179.2,116.3938,0,0,-1,0,1,0,0,0,0,1,284.282612801,109.999773502,,,,,180.605731874,103.207018848,181.2868403,102.921511824,180.683057922,102.464811713,414,62.000705719,440,412,2646,2670,4006,4030,2658.1751089,4016.73152071,8.3973754024,9.2025462068,0.257777885457,2.13922928502e-05,2.24522071237e-05,-3.96724378167e-08,3.04598140717,2.88477349281,1.28603112698,0.119187317789,0.108759097755,-0.0066772508435,472797.875,473269.71875,20935.5273438,30520.5898438,2658,4016,2658,4016,0,2658.18552491,4016.25622143,2658.18,4016.34,2658.12390182,4016.63884245,5608.46685003,3956.3054533,5608.04057452,3956.51594579,5608.11656651,3956.48346106,5608.4083426,3956.39370467,414,180.59227451,103.179972513,0.030209350905,False,284.394517228,109.802534489,181.272956956,102.893451384,180.668495052,102.437651034
387,387,R+6C21,706,FTO426,flatNominal,426,426,7.36159620877,14.3443541596,0.0,14.9711372266,0.393745315677,14.9974949725,-0.349725537646,-0.949779446709,2.21446153618,0.128143852318,-0.263868807066,0.0447308623492,flatNominal,ApogeeBoss,6.0,20.0,224.0,116.3938,0,0,-1,0,1,0,0,0,0,1,120.202510357,143.766617775,,,,,215.864170736,121.054864062,215.206838825,120.714559571,215.242347066,121.45764961,443,62.000705719,426,406,2384,2407,4194,4218,2395.86020844,4205.28507373,8.26792698095,8.9747207076,0.255569284322,2.2079046776e-05,2.39096752067e-05,2.36956726053e-07,3.00955963135,2.86097860336,1.25773942471,0.121055863798,0.111522249877,-0.00689451210201,447276.65625,447844.375,20204.1953125,29794.8203125,2396,4205,2396,4205,0,2395.89148,4204.74883426,2395.91,4204.88,2396.00782943,4205.15696648,5896.9291459,4101.73947003,5896.43919171,4101.95964172,5896.54681739,4101.8857729,5896.74730537,4101.66779404,443,215.884126186,121.077440989,0.030132003921,False,119.952398785,143.813691849,215.225592478,120.739467999,215.263733759,121.482427543
388,388,R+5C1,1098,FTO427,flatNominal,427,427,7.3561615716,14.3032856819,0.0,14.9467202166,0.378261997276,14.9477762373,-0.3748339495,-1.05898352554,-0.0060737900141,0.187167116285,-0.168782002705,0.0117926666085,flatNominal,ApogeeBoss,5.0,0.0,-235.2,96.9948,0,0,-1,0,1,0,0,0,0,1,229.944984913,74.1309678555,,,,,-252.905197551,93.8523369188,-253.238683936,93.1845967223,-253.649855028,93.8155428001,4,62.000705719,417,398,4365,4387,869,893,4376.10018882,880.920890754,7.57541540525,8.63841246471,0.395150170754,1.99201082653e-05,2.33779949506e-05,5.20299539916e-07,2.96128487587,2.72848296165,1.25114381313,0.132321685553,0.116038888693,-0.0121056828648,450201.0,450844.15625,21774.0507812,32377.9257812,4376,881,4376,881,0,4375.87951784,880.846292271,4375.96,880.909,4376.11290639,880.820317447,2033.67323998,3882.64723739,2033.70910674,3882.87739862,2033.7266895,3882.77641129,2033.57817975,3882.68245496,4,-252.892363665,93.8337643485,0.0225754066615,False,229.939918426,74.2271423123,-253.224787833,93.1654947084,-253.636961693,93.7957861716
389,389,R+5C2,1093,FTO428,flatNominal,428,428,7.37036929347,14.3396665412,0.0,14.965,0.376,14.9854150797,-0.3748339495,0.919458088318,0.105066831183,0.211683122247,-0.325890073126,-1.0,flatNominal,Boss,5.0,1.0,-212.8,96.9948,0,0,-1,0,1,0,0,0,0,1,303.821840286,63.7056881189,,,,,-217.049948084,78.4027237745,-216.585136756,77.8402574523,-217.324586427,77.708414445,30,62.000705719,427,398,4343,4365,1186,1210,4353.36630296,1197.49513676,7.70814033754,8.96998094545,0.486964801828,2.03527922142e-05,2.24683436218e-05,6.71348213882e-07,3.02259016037,2.74628281593,1.2421323061,0.130179449916,0.111866623163,-0.0141344359145,463613.46875,464136.25,20837.6074219,30312.8574219,4353,1197,4353,1197,0,4353.18119648,1197.43138315,4353.23,1197.41,4353.389856,1197.48295432,2324.89762797,3756.45516694,2324.92666985,3756.64877867,2324.88728939,3756.61704713,2324.87593702,3756.43991373,30,-217.037508366,78.4019372976,0.0124645551522,False,303.844641767,63.7263966021,-216.572270039,77.8398241116,-217.311619377,77.7074196101
390,390,R+5C3,795,FTO429,flatNominal,429,429,7.39918638557,14.3469713957,0.0,14.982109957,0.386358124899,15.0039469651,-0.355196616855,-0.152738185137,-0.042856824897,0.19567928272,-0.142476477113,0.0129852002668,flatNominal,ApogeeBoss,5.0,2.0,-190.4,96.9948,0,0,-1,0,1,0,0,0,0,1,255.719854832,60.4214143753,,,,,-207.684171232,88.3324431228,-207.848140372,87.6073309151,-208.396265695,88.107269832,35,62.000705719,440,420,4234,4257,1215,1240,4245.01932134,1227.74929696,7.79036074913,9.21209207457,0.469103952517,1.96355714319e-05,2.31476394009e-05,6.70407038773e-07,3.0582549572,2.76577830315,1.2791428566,0.128758579493,0.108886860311,-0.0131134511903,477239.4375,477773.90625,21386.6074219,30623.5449219,4245,1228,4245,1228,0,4244.78804977,1227.55378955,4244.88,1227.69,4245.09106499,1227.69679917,2401.81308338,3838.54289656,2401.74663763,3838.83835324,2401.82379364,3838.69236111,2401.73336547,3838.50354909,35,-207.680704613,88.3410863302,0.00931249053768,False,255.643081074,60.5036836893,-207.844604203,87.6159583986,-208.392777475,88.1158447395
391,391,R+5C4,627,FTO430,flatNominal,430,430,7.41334686367,14.3341440364,0.0,14.965,0.376,14.9797016168,-0.3748339495,0.424187156616,0.595835815183,0.169286201684,-0.39702709221,-1.0,flatNominal,Boss,5.0,3.0,-168.0,96.9948,0,0,-1,0,1,0,0,0,0,1,43.3806270361,85.1939749718,,,,,-152.219975195,100.61117715,-151.97349884,101.302989735,-151.483624873,100.733787438,68,62.000705719,421,404,3932,3955,1573,1597,3943.51265784,1584.26001145,7.78275753677,9.06436101867,0.336948644083,2.18416824646e-05,2.44222380944e-05,7.96781752947e-07,3.02449154854,2.77480983734,1.32875013351,0.128696277738,0.110500007868,-0.00956803001463,439721.03125,440267.0,19053.4296875,28099.7421875,3943,1584,3943,1584,0,3943.43181951,1584.08983017,3943.44,1584.16,3943.63279158,1584.21649016,2857.32553252,3941.08345611,2857.21199953,3941.23381158,2857.27264098,3941.19826792,2857.2314038,3940.99705009,68,-152.242838342,100.666063786,0.0594581054594,False,43.5160410705,85.2806396718,-151.9990453,101.358826515,-151.506968788,100.791527244
392,392,R+5C5,466,FTO431,flatNominal,431,431,7.43142339549,14.3208334319,0.0,14.9757442887,0.354742626091,14.9593380469,-0.384985417464,2.92707878658,4.68901542837,0.185499331276,-0.228527806746,0.0149458553518,flatNominal,ApogeeBoss,5.0,4.0,-145.6,96.9948,0,0,-1,0,1,0,0,0,0,1,331.467347145,36.6729667783,,,,,-145.151396937,76.3249874728,-144.632144017,75.7910146588,-145.348531768,75.6059326949,84,62.000705719,445,425,4084,4107,1715,1741,4095.06109331,1728.00856758,8.17329193903,9.691029451,0.408036984009,2.06247016517e-05,2.41307288158e-05,5.56342127685e-07,3.1295003891,2.84087109566,1.32412433624,0.122607439756,0.103405572474,-0.0103246765211,473995.875,474589.65625,20739.1445312,29848.2714844,4095,1728,4095,1728,0,4094.81501579,1727.76179357,4094.91,1727.86,4095.22914628,1728.05413743,2914.73098101,3740.24722889,2914.62592056,3740.5795147,2914.66870516,3740.45129146,2914.69369887,3740.07714522,84,-145.165579955,76.3515214408,0.0300866987367,False,331.125907986,37.121254502,-144.645332154,75.8185178884,-145.361373508,75.6321002848
393,393,R+5C6,639,FTO432,flatNominal,432,432,7.39429281176,14.3309654629,0.0,14.965,0.376,14.976413134,-0.3748339495,0.465376844739,0.0778081055111,0.249644173168,-0.103533501612,-1.0,flatNominal,Boss,5.0,5.0,-123.2,96.9948,0,0,-1,0,1,0,0,0,0,1,310.838499069,76.3930946589,,,,,-122.180080456,79.1846941229,-121.551942525,78.7989240698,-122.210951546,78.4389393631,106,62.000705719,436,410,3975,3998,1874,1897,3986.14484559,1885.36835404,8.48275369364,9.11049577999,0.511149639374,2.18988772691e-05,2.36280390505e-05,7.89101276878e-07,3.06536269188,2.86300563812,1.06074106693,0.118286147714,0.110135853291,-0.0132730258629,459379.4375,459876.8125,19717.0253906,28924.9609375,3986,1885,3986,1885,0,3985.93880477,1885.15016168,3985.98,1885.21,3986.36788002,1885.37100258,3104.61747049,3764.07940299,3104.51924536,3764.36297405,3104.55276564,3764.29685995,3104.51671125,3763.88040815,106,-122.153353865,79.2267798703,0.0498549981757,False,310.64174132,76.786384721,-121.523896388,78.843166681,-122.181666738,78.480923606
394,394,R+5C7,1281,FTO433,flatNominal,433,433,7.36666543165,14.3389431388,0.0,14.9833374361,0.361396823505,14.9694951509,-0.394882261729,-0.24834879016,0.365269853486,0.144698857717,-0.196345491667,0.0112974976523,flatNominal,ApogeeBoss,5.0,6.0,-100.8,96.9948,0,0,-1,0,1,0,0,0,0,1,233.52755785,22.0504684746,,,,,-120.795509582,104.797678708,-121.509219295,104.606707193,-121.308941392,105.336116835,92,62.000705719,420,401,3782,3805,1787,1811,3793.08681484,1798.35238578,7.96181926868,8.81116983567,0.00411356993285,2.10262898429e-05,2.27823958092e-05,-4.16188862703e-07,2.96836471558,2.82166600227,1.5659532547,0.125599458814,0.113492332399,-0.000117274365039,451412.84375,451925.6875,20468.6953125,30509.0703125,3793,1798,3793,1798,0,3792.94785986,1798.15159119,3793.0,1798.22,3793.17603898,1798.38295469,3116.7079758,3975.49605714,3116.59416425,3975.71209854,3116.63463697,3975.6349506,3116.69383414,3975.4028079,92,-120.79025732,104.801276312,0.00636624020727,False,233.442057269,22.1574484445,-121.503895391,104.610037251,-121.303890947,105.339521923
395,395,R+5C8,1095,FTO434,flatNominal,434,434,7.37907325871,14.3166066242,0.0,14.965,0.376,14.9615577931,-0.3748339495,0.0503235494189,0.590571980685,0.0866576622553,-0.110808909962,-1.0,flatNominal,Boss,5.0,7.0,-78.4,96.9948,0,0,-1,0,1,0,0,0,0,1,20.8505474031,105.967093706,,,,,-64.5138764871,98.7217951638,-64.227864291,99.4146061001,-63.7739491392,98.8165053532,149,62.000705719,433,409,3611,3634,2222,2247,3622.14254973,2233.72967947,7.97424782305,9.42943871652,0.17764893221,2.04817171075e-05,2.43235153915e-05,7.8473102299e-07,3.07421731949,2.820084095,1.45105946064,0.12545633316,0.106095381081,-0.00472714938223,460466.25,460974.0625,19559.4550781,27737.265625,3622,2233,3622,2233,0,3622.0326855,2233.51083551,3622.07,2233.48,3622.12174672,2233.84464156,3581.79508394,3925.80388993,3581.65181902,3926.00247995,3581.60386514,3925.98146786,3581.90664094,3925.76919007,149,-64.5190864482,98.7823512215,0.0607797648667,False,21.1162519391,105.945168947,-64.2360245762,99.4763727964,-63.7795687657,98.8802087572
396,396,R+5C9,741,FTO435,flatNominal,435,435,7.37169111622,14.3687553057,0.0,14.9961705565,0.400689857955,15.0207259508,-0.349297602151,-0.226208169079,-0.657152864293,0.162542706702,-0.227342859654,0.00874540651656,flatNominal,ApogeeBoss,5.0,8.0,-56.0,96.9948,0,0,-1,0,1,0,0,0,0,1,27.1047735214,110.907465219,,,,,-43.1187882829,100.787612223,-42.9855852761,101.520045987,-42.4192237428,101.027787141,171,62.000705719,432,412,3514,3537,2369,2396,3525.36054709,2383.27563299,8.45158320649,10.1701428334,0.0597353831567,2.3541880608e-05,2.75788122398e-05,1.54110348921e-07,3.18939137459,2.90680408478,1.53609323502,0.118325941265,0.0983311161399,-0.00138999917544,433925.625,434555.25,17765.8828125,25342.6328125,3525,2383,3525,2383,0,3525.33837887,2382.78979242,3525.35,2382.94,3525.39629984,2383.15689127,3759.14323956,3942.48861184,3758.72268035,3942.73287081,3758.8556642,3942.65417838,3759.02141986,3942.51180269,171,-43.1196672514,100.812161991,0.0245654981721,False,27.2489708532,110.857956385,-42.987674865,101.544814889,-42.4205005857,101.053492699
397,397,R+5C10,495,FTO436,flatNominal,436,436,7.44721740483,14.3063906843,0.0,14.9495371262,0.368641223423,14.9430301325,-0.392832377541,-0.0766342939682,-0.817670243148,0.167901135172,-0.251534696126,0.0144366826682,flatNominal,ApogeeBoss,5.0,9.0,-33.6,96.9948,0,0,-1,0,1,0,0,0,0,1,1.98187351227,61.4572513103,,,,,-20.9088530416,82.7877712313,-20.1681793142,82.8183674223,-20.5250343414,82.1456573246,206,62.000705719,430,413,3562,3584,2600,2629,3572.72866852,2615.59262525,7.76827970345,13.536514648,-0.0697492017826,2.59796263698e-05,4.41739822134e-05,-2.24168174038e-07,3.67931485176,2.78701210022,-1.55870676041,0.128734588623,0.0738776773214,0.00132665387355,374770.03125,375450.09375,13602.3847656,18470.5722656,3573,2615,3573,2615,0,3572.45978066,2614.88882556,3572.68,2615.3,3572.85068451,2615.27394484,3943.24669776,3793.08700375,3942.74692587,3793.65079692,3943.01287049,3793.2666258,3942.90770813,3793.12613346,206,-20.8551951822,82.7855465809,0.0537039564492,False,2.41216192637,61.0075816473,-20.1145111476,82.815892225,-20.4715937097,82.1433028779
398,398,R+5C11,1040,FTO437,flatNominal,437,437,7.40884767851,14.3416801899,0.0,14.9930440844,0.359364316053,14.96956515,-0.388855837431,0.451988780765,0.126443530717,0.110604888634,-0.184509359616,0.00875432692661,flatNominal,ApogeeBoss,5.0,10.0,-11.2,96.9948,0,0,-1,0,1,0,0,0,0,1,25.2602237463,81.8801432848,,,,,5.49116252196,94.5737652825,6.0022558469,95.1143217069,6.20760824241,94.3944501544,228,62.000705719,447,424,3374,3396,2749,2778,3384.78298008,2764.71700487,7.41131064251,16.9164587456,-0.130049322494,3.03658874601e-05,5.51389789204e-05,-7.07105757181e-07,4.11317873001,2.7220454216,-1.55711770058,0.134947106242,0.0591220036149,0.00207487633452,353707.25,354375.4375,12389.6582031,17884.7832031,3385,2764,3385,2764,0,3384.62634193,2764.0496581,3384.74,2764.48,3384.92509024,2764.30011507,4162.36557988,3890.80382882,4161.84623923,3891.25123523,4162.17780937,3890.95268262,4161.93021598,3890.87054225,228,5.56294003681,94.6273933313,0.0895989913839,False,25.9222535496,81.2854102115,6.07339809906,95.1685496871,6.27959587752,94.4489198276
399,399,R+5C12,668,FTO438,flatNominal,438,438,7.37544592243,14.3131057786,0.0,14.9545113591,0.391163672285,14.968607974,-0.355448113338,0.18689601274,-0.622374227977,0.115242432142,-0.368679438431,0.00929568215459,flatNominal,ApogeeBoss,5.0,11.0,11.2,96.9948,0,0,-1,0,1,0,0,0,0,1,61.2110620737,55.8511072397,,,,,30.101847942,99.7635453498,30.4999196027,100.400686692,30.847134378,99.7395741656,251,62.000705719,469,445,3242,3264,2912,2940,3252.94327964,2925.51274747,7.33520492375,18.7718298056,0.00745321943646,2.94831564249e-05,5.81025987603e-05,-6.11621984625e-07,4.33264732361,2.70835733414,1.57014465332,0.13632889092,0.0532713346183,-0.000108256805106,367343.25,368041.96875,12664.4248047,18647.7988281,3253,2925,3253,2925,0,3252.78914047,2925.090332,3252.86,2925.22,3253.02196017,2925.41005748,4365.89622639,3933.37439821,4365.59291743,3933.70635812,4365.67083765,3933.58542646,4365.76879487,3933.35210324,251,30.1099305148,99.82918887,0.0661392449909,False,61.5586420696,55.6213415342,30.5066912147,100.467147399,30.8552646659,99.8067502286
400,400,R+5C13,827,FTO439,flatNominal,439,439,7.37395679394,14.3156295441,0.0,14.9678837724,0.369205192264,14.9532445561,-0.386818942595,-0.296280366374,-0.0709562048741,0.08097778702,-0.184439937649,0.0150860798023,flatNominal,ApogeeBoss,5.0,12.0,33.6,96.9948,0,0,-1,0,1,0,0,0,0,1,99.655469656,94.988297224,,,,,37.1610928097,111.986516169,36.6424426087,112.527579955,37.37872838,112.699829954,252,62.000705719,449,426,3127,3147,2917,2945,3136.6932879,2930.85183835,7.02449978099,18.4945909482,-0.0452143869531,2.90532257876e-05,6.15002339215e-05,-9.12693803628e-07,4.30055475235,2.65034365654,-1.56685447693,0.142361134291,0.0540707148612,0.000696070666891,347114.9375,347800.3125,11282.7011719,15699.5751953,3137,2931,3137,2931,0,3136.48325185,2930.34624377,3136.67,2930.57,3136.71511408,2930.77199519,4424.3723665,4033.98805289,4424.02114133,4034.40803134,4424.13967701,4034.14067255,4424.29147735,4034.00561017,252,37.1550123084,112.00597203,0.0203838912739,False,99.8141919387,94.8408522274,36.6362556221,112.546933722,37.372507476,112.719328638
401,401,R+5C14,814,FTO440,flatNominal,440,440,7.37132435199,14.2884221995,0.0,14.9508096793,0.354860710487,14.9329925703,-0.383950817448,0.579149176229,0.0733661150333,0.110740062825,-0.239872010284,0.0138445339156,flatNominal,ApogeeBoss,5.0,13.0,56.0,96.9948,0,0,-1,0,1,0,0,0,0,1,46.9298654795,52.1159487963,,,,,75.279839351,94.3119572952,75.8729801781,94.7733326915,75.9798783686,94.0420784949,309,62.000705719,426,404,3109,3132,3266,3293,3120.57073174,3278.23059717,8.49095226413,10.4328816388,0.2940579268,2.70235613612e-05,3.64706903135e-05,6.32605608273e-07,3.23673176765,2.9064412117,1.42376101017,0.117887496948,0.0959444493055,-0.00664547970518,386294.71875,386850.5,15808.3945312,22382.953125,3121,3278,3120,3278,0,3120.28821796,3278.05944031,3120.53,3278.03,3120.55951917,3278.56197017,4739.85553037,3887.69276173,4739.83436593,3888.02239907,4739.69157639,3887.8211126,4740.15455094,3887.54951202,309,75.276537201,94.4169100007,0.105004640775,False,47.0748815041,52.3420666502,75.8666770427,94.8821177655,75.9783096625,94.1515713389
402,402,R+5C15,965,FTO441,flatNominal,441,441,7.3937929049,14.3457207547,0.0,14.965,0.376,14.9916786367,-0.3748339495,0.823868300553,-3.28328666053,0.169016643329,-0.0487774067882,-1.0,flatNominal,Boss,5.0,14.0,78.4,96.9948,0,0,-1,0,1,0,0,0,0,1,136.364257336,86.6300833225,,,,,74.0525476148,113.152679714,73.3643072198,113.378971434,73.9176097645,113.887223009,302,62.000705719,437,416,2976,3000,3185,3215,2987.99934686,3197.28720481,8.07756760902,12.1638365084,0.180948998627,2.53890513038e-05,4.17398833159e-05,-8.92610748888e-07,3.48881554604,2.84069895744,1.52662932873,0.123840913177,0.0822383090854,-0.00368451001123,394318.25,395009.75,16316.3974609,22288.2109375,2988,3197,2988,3197,0,2987.93614687,3197.47611382,2987.96,3197.15,2988.02876098,3197.71815878,4729.36805222,4042.6670101,4729.56477981,4042.63571942,4729.26614992,4042.75904762,4729.7365923,4042.44169983,302,74.0122795753,113.154932664,0.0403310151873,False,136.582022116,86.5154858024,73.3236328335,113.379984766,73.8760193197,113.889231798
403,403,R+5C16,475,FTO442,flatNominal,442,442,7.45268504059,14.2906544658,0.0,14.9374241522,0.379277555112,14.9409791548,-0.365084141274,-1.28616611427,1.2933512073,0.0416314883809,-0.266604729586,0.0100074458187,flatNominal,ApogeeBoss,5.0,15.0,100.8,96.9948,0,0,-1,0,1,0,0,0,0,1,134.056870937,96.77739501,,,,,94.9232458116,111.038132103,94.1822377778,111.152454388,94.6495221859,111.73187846,321,62.000705719,417,398,2913,2936,3347,3373,2924.35929298,3358.83304002,8.33505392881,9.72982614664,0.276758478915,2.53974067958e-05,3.12168106843e-05,4.02927331053e-07,3.12773633003,2.87787151337,1.38190186024,0.120088651776,0.102873921394,-0.00683168461546,400046.9375,400730.8125,16793.1269531,23547.8144531,2924,3359,2924,3359,0,2924.3308586,3358.51349085,2924.33,3358.62,2924.3648498,3359.06558472,4902.03544664,4024.4164146,4901.76523916,4024.58935419,4901.8597708,4024.54425415,4902.23908117,4024.30398288,321,94.8839446574,111.023681191,0.0418737337195,False,134.223021517,96.7677118005,94.1426271877,111.135979455,94.6083275231,111.716677458
404,404,R+5C17,52,FTO443,flatNominal,443,443,7.38044586665,14.299784683,0.0,14.965,0.376,14.9441541802,-0.3748339495,1.16666715494,2.83287333772,0.139389055723,-0.265647447641,-1.0,flatNominal,Boss,5.0,16.0,123.2,96.9948,0,0,-1,0,1,0,0,0,0,1,86.5493166447,112.858257294,,,,,124.628176185,109.684265956,124.018854326,110.145367128,124.716179873,110.424514489,353,62.000705719,436,417,2811,2833,3571,3595,2821.86143749,3582.22705746,8.26401482583,9.46865951736,0.194381688739,2.31756727326e-05,2.5503250395e-05,-2.85544476243e-07,3.0820851326,2.86939477921,1.41471195221,0.121065020561,0.105662591755,-0.00497067673132,444966.9375,445552.875,19450.4941406,28362.5546875,2822,3582,2822,3582,0,2821.81153983,3581.74987557,2821.86,3581.87,2821.79365814,3582.11637453,5147.50901357,4012.02991615,5147.10895143,4012.29476067,5147.19770341,4012.19592056,5147.44220221,4012.14118606,353,124.59391496,109.65002221,0.0484403315912,False,86.3961457943,113.157547432,123.983419154,110.109567953,124.680030536,110.390492767
405,405,R+5C18,1017,FTO444,flatNominal,444,444,7.39210746024,14.3376324279,0.0,14.9738542797,0.386253078656,14.9720506053,-0.386628577388,0.310213194633,-0.111713065301,0.0625281311628,-0.125470756644,0.0176821515665,flatNominal,ApogeeBoss,5.0,17.0,145.6,96.9948,0,0,-1,0,1,0,0,0,0,1,44.934669435,125.635077953,,,,,153.02399187,105.879574893,152.74480967,106.569521981,153.507391224,106.443749641,392,62.000705719,431,407,2731,2753,3794,3818,2742.1357514,3804.80803883,8.07201975468,9.24810757936,0.219934648148,2.23660456668e-05,2.51534768411e-05,-2.26776281562e-08,3.04760408401,2.83412003517,1.39184486866,0.12396505475,0.108200341463,-0.0058961706236,444741.84375,445270.46875,19901.7792969,29305.9042969,2742,3804,2742,3804,0,2742.13207814,3804.38488192,2742.14,3804.44,2742.20397215,3804.64638032,5381.7341725,3979.82660555,5381.36064639,3980.02548619,5381.4103453,3979.99379155,5381.55928757,3979.84084641,392,153.012844191,105.882964493,0.0116516157386,False,44.9495521307,125.670797022,152.733052761,106.572664747,153.495745095,106.447565943
406,406,R+5C19,63,FTO445,flatNominal,445,445,7.39177069869,14.3341751382,0.0,14.965,0.376,14.979733794,-0.3748339495,-0.54209115947,10.349807796,0.0742260644336,-0.112391881595,-1.0,flatNominal,Boss,5.0,18.0,168.0,96.9948,0,0,-1,0,1,0,0,0,0,1,98.556933403,129.836093187,,,,,163.024567187,105.504524358,162.2902982,105.517371998,162.673423979,106.163269313,397,62.000705719,437,422,2696,2718,3868,3892,2707.25783655,3879.35746414,8.21391180961,9.31017292884,0.313175120117,2.11192488614e-05,2.40265242017e-05,7.41208245301e-07,3.06485414505,2.85144758224,1.31125235558,0.121901012957,0.107547320426,-0.00820100028068,462660.71875,463215.65625,20513.21875,30186.03125,2707,3879,2707,3879,0,2707.26667335,3878.8404,2707.26,3878.97,2707.32456254,3879.19582134,5463.96298454,3976.28990802,5463.50040511,3976.52110855,5463.6237526,3976.46844597,5463.78880454,3976.30546707,397,163.006552629,105.507263053,0.0182215454487,False,98.7596326836,129.742205018,162.272260568,105.518716211,162.654159025,106.16533996
407,407,R+5C20,689,FTO446,flatNominal,446,446,7.40305714736,14.3273918461,0.0,14.9728304543,0.370507110894,14.981698223,-0.361492105775,-1.65568048308,0.00977641237162,0.0752144963077,-0.174295789541,0.0121696540257,flatNominal,ApogeeBoss,5.0,19.0,190.4,96.9948,0,0,-1,0,1,0,0,0,0,1,75.4417365789,134.954574108,,,,,190.442906676,107.413627205,189.807621706,107.801286234,190.445117153,108.161148771,421,62.000705719,429,411,2578,2602,4061,4085,2590.13877443,4072.33126468,8.35980147943,9.0599196108,0.236352068581,2.12970006849e-05,2.20552838533e-05,4.27792958178e-07,3.02195954323,2.87879872322,1.27386045456,0.119708359241,0.110457725823,-0.00624582078308,463756.09375,464311.8125,20705.0117188,31036.8867188,2590,4072,2590,4072,0,2590.17800879,4071.80537633,2590.18,4071.93,2590.17803456,4072.21156548,5689.22146955,3990.93153831,5688.73701281,3991.13986392,5688.84865004,3991.08086991,5689.09717938,3990.95206172,421,190.446720613,107.436570683,0.0232583172486,False,75.6413569603,134.770211667,189.811332432,107.824060522,190.448732025,108.184092811
408,408,R+5C21,1046,FTO447,flatNominal,447,447,7.35296765902,14.3110031876,0.0,14.965,0.376,14.9557606,-0.3748339495,0.509997398872,-0.139690607417,0.0891482827478,-0.154969043723,-1.0,flatNominal,Boss,5.0,20.0,212.8,96.9948,0,0,-1,0,1,0,0,0,0,1,9.21179674566,94.4802224636,,,,,227.768815674,93.1355257341,228.311854065,93.6591640993,228.485327107,92.9285861845,467,62.000705719,429,403,2543,2566,4387,4412,2554.7001735,4398.68574057,7.95706035511,8.77259962291,0.232834623354,2.05559220688e-05,2.34155150961e-05,2.99463335718e-07,2.97227048874,2.80985212326,1.31138658524,0.125772237778,0.114079892635,-0.00667627202347,462244.75,462720.96875,21653.4101562,30937.5996094,2555,4398,2555,4398,0,2554.71328839,4398.15727794,2554.77,4398.26,2554.74465005,4398.56567664,5994.99157233,3871.48371449,5994.51690781,3871.71639099,5994.58129706,3871.61609011,5994.86454722,3871.49978098,467,227.79941998,93.1646630588,0.0422564455788,False,9.49921310524,94.2870006395,228.341596772,93.6891934737,228.516270654,92.9589017365
409,409,R+5C22,847,FTO448,flatNominal,448,448,7.40415827428,14.2934784683,0.0,14.9314655534,0.387066673758,14.9366372931,-0.369153937464,0.952899756485,10.7776111413,0.114205226515,-0.253386024196,0.0252910446853,flatNominal,ApogeeBoss,5.0,21.0,235.2,96.9948,0,0,-1,0,1,0,0,0,0,1,66.2244057655,9.15966868401,,,,,256.046454892,93.289149525,256.703117574,93.6436100353,256.670215593,92.888087819,486,62.000705719,416,396,2437,2460,4592,4616,2448.50520873,4603.24568894,7.79273214963,8.79492764727,0.484859696467,2.11463215472e-05,2.33351331091e-05,1.38921635773e-06,2.9985165596,2.75618553162,1.18633115292,0.128766387701,0.114093258977,-0.0141976447776,447120.4375,447717.09375,19507.8027344,26784.1777344,2449,4603,2449,4603,0,2448.28468675,4602.58680229,2448.5,4602.78,2448.4685978,4603.23710918,6225.4736367,3871.08244136,6224.99133106,3871.58258416,6225.06570032,3871.30567403,6225.48295387,3871.11887161,486,256.130686729,93.3223501388,0.0905388490076,False,68.2265364511,6.32647803278,256.79242151,93.6672489801,256.748564727,92.9122834562
410,410,R+4C1,674,FTO449,flatNominal,449,449,7.44597798734,14.3604361849,0.0,15.0137874953,0.350919937036,14.9942578858,-0.400023289769,-0.259348703935,-0.432230337432,0.173573153283,-0.258120145946,0.0105799454386,flatNominal,ApogeeBoss,4.0,0.0,-246.4,77.5959,0,0,-1,0,1,0,0,0,0,1,251.373860836,160.186167955,,,,,-242.56388552,70.7695094436,-241.835614918,70.629385687,-242.324686575,70.0592049699,15,62.000705719,432,417,4495,4517,1031,1055,4505.96429262,1042.18838329,7.87683272069,9.09050974179,0.435192122347,2.2462198875e-05,2.48235705252e-05,4.78461080291e-07,3.03816199303,2.7815310955,1.25972568989,0.12729126215,0.110296562314,-0.0121876895428,446554.96875,447193.8125,20159.0234375,28476.2734375,4506,1042,4506,1042,0,4505.646044,1042.1269752,4505.79,1042.17,4505.91955197,1042.01065148,2116.63775053,3692.94014845,2116.73042324,3693.25073645,2116.70617689,3693.10208904,2116.50083451,3693.06198574,15,-242.530013017,70.7461940051,0.0411212373182,False,252.275966129,159.734754251,-241.800662736,70.6118031391,-242.285234237,70.0377930382
411,411,R+4C2,971,FTO450,flatNominal,450,450,7.3512757909,14.3046398013,0.0,14.965,0.376,14.9491771796,-0.3748339495,-0.427255726986,5.33072382488,0.141197934172,-0.228553553734,-1.0,flatNominal,Boss,4.0,1.0,-224.0,77.5959,0,0,-1,0,1,0,0,0,0,1,211.44613266,168.755739927,,,,,-221.947588947,70.8014577222,-221.326929792,70.3630129645,-222.013545265,70.0587742865,28,62.000705719,418,405,4417,4439,1179,1203,4427.88326817,1190.74924706,7.73871737151,9.02898346591,0.424020002481,2.3673785981e-05,2.62472524336e-05,9.20589476831e-07,3.0258641243,2.75895762444,1.28006541729,0.129553735256,0.11104016006,-0.0121682304889,419731.4375,420425.40625,18558.8535156,26141.0410156,4428,1191,4428,1191,0,4427.6002372,1190.50371195,4427.75,1190.67,4427.89438979,1190.77393135,2284.4670264,3693.49762895,2284.38014793,3693.86210961,2284.46054401,3693.65625685,2284.48377314,3693.47635569,28,-221.946675193,70.7723236125,0.0291484355335,False,213.313301225,167.795079996,-221.319157128,70.3437531163,-222.000873336,70.0286896414
412,412,R+4C3,436,FTO451,flatNominal,451,451,7.46070599895,14.319718877,0.0,14.9590900641,0.371618832036,14.9640169823,-0.371623257053,-0.947518875934,2.02994301754,0.174633716525,-0.260613665808,0.0140311534275,flatNominal,ApogeeBoss,4.0,2.0,-201.6,77.5959,0,0,-1,0,1,0,0,0,0,1,106.260784864,155.239123106,,,,,-208.864673229,81.2403072086,-209.54667028,80.9543420119,-209.455602384,81.6920002768,36,62.000705719,433,409,4290,4314,1234,1258,4301.7294701,1245.6625874,7.8008965362,9.14357327034,0.461383623283,2.13477421173e-05,2.38350794211e-05,6.88056818563e-07,3.04743051529,2.76724362373,1.26973438263,0.128574118018,0.109693810344,-0.012975669466,458598.375,459137.5,19402.5449219,26639.1132812,4302,1246,4301,1245,0,4301.29231349,1245.42583953,4301.57,1245.6,4301.78885386,1245.66028022,2391.48042651,3779.97530187,2391.47259148,3780.47238744,2391.50093741,3780.1418949,2391.45092784,3779.92371134,36,-208.902978947,81.2395944594,0.0383123482075,False,107.008565176,154.872308161,-209.583059525,80.9491009508,-209.496898369,81.6873484247
413,413,R+4C4,233,FTO452,flatNominal,452,452,7.43861754822,14.3213131368,0.0,14.965,0.376,14.9664270483,-0.3748339495,0.924493414423,0.82032908529,0.211020822854,-0.310370498314,-1.0,flatNominal,Boss,4.0,3.0,-179.2,77.5959,0,0,-1,0,1,0,0,0,0,1,205.537376404,52.6315551996,,,,,-196.925015192,86.5522581061,-197.624603061,86.2947982218,-197.494514214,87.0342781392,44,62.000705719,432,413,4207,4229,1300,1325,4217.45742887,1312.53139179,7.86688658649,9.24988811443,0.378390272521,2.055741272e-05,2.36341705489e-05,3.46640430781e-09,3.05722856522,2.78749489784,1.32045030594,0.12736569345,0.108322553337,-0.0104204379022,461049.875,461593.4375,20010.7617188,29291.3847656,4217,1312,4217,1312,0,4217.29714112,1312.46890955,4217.33,1312.46,4217.57785323,1312.44959181,2489.7333066,3823.78837627,2489.75200225,3823.95939283,2489.72801169,3823.93695845,2489.60510081,3823.71940861,44,-196.930005596,86.5280122563,0.0247540978326,False,205.543969291,52.7219215956,-197.629156774,86.2693688575,-197.500319505,87.0090678599
414,414,R+4C5,820,FTO453,flatNominal,453,453,7.33005566443,14.3332559227,0.0,14.9621912215,0.403924449202,14.9902189634,-0.342458847169,-0.567767751552,0.883235937555,0.18189685512,-0.164201781106,0.00847544125554,flatNominal,ApogeeBoss,4.0,4.0,-156.8,77.5959,0,0,-1,0,1,0,0,0,0,1,168.715260029,140.448725224,,,,,-166.521820772,75.4746736796,-166.750450381,74.7630255412,-167.246635265,75.3213033755,67,62.000705719,440,424,4172,4195,1563,1588,4182.83319121,1575.4305513,7.88553307272,9.49574974514,0.505365398003,2.14910039765e-05,2.56424209531e-05,1.75179393815e-06,3.10503077507,2.78209733963,1.29052758217,0.12724852562,0.105670690536,-0.0135443750769,456655.78125,457346.9375,19612.3027344,26728.6152344,4183,1575,4183,1575,0,4182.47081485,1575.23010353,4182.69,1575.31,4182.9809369,1575.46151403,2738.85945343,3732.95353236,2738.84923608,3733.36752697,2738.8215392,3733.13484809,2738.81860675,3732.80820849,67,-166.525133347,75.4817532599,0.00781624001405,False,168.690972242,140.433050986,-166.754259252,74.7702647566,-167.250054634,75.3288885286
415,415,R+4C7,990,FTO455,flatNominal,455,455,7.38662878824,14.3298901243,0.0,14.9607394512,0.39282113396,14.9747782361,-0.369502957233,0.72505051627,0.267772617052,0.213261269947,-0.313453484031,0.0106459744541,flatNominal,ApogeeBoss,4.0,6.0,-112.0,77.5959,0,0,-1,0,1,0,0,0,0,1,323.777003288,58.2052928209,,,,,-111.00926957,58.175752256,-110.401368915,57.7482758119,-111.097741445,57.437791661,126,62.000705719,460,442,4087,4110,2034,2060,4097.93976695,2047.0055321,8.16911774383,10.0401491741,0.328209067287,2.28828397365e-05,2.69961286845e-05,5.21917084793e-07,3.17742848396,2.84837055206,1.40208828449,0.12257322669,0.0997310951352,-0.00801375415176,464676.4375,465333.375,19839.9765625,27728.4746094,4098,2047,4098,2047,0,4097.64980365,2046.62216268,4097.79,2046.79,4098.24091449,2047.06537601,3196.26308964,3590.22382423,3196.05719468,3590.65817212,3196.14061893,3590.45267457,3196.17693569,3589.92912331,126,-110.995254013,58.2176398011,0.0441701513911,False,323.47710553,58.7026464694,-110.385883778,57.7922608723,-111.081182167,57.4793786923
416,416,R+4C8,995,FTO456,flatNominal,456,456,7.35041257397,14.3147153918,0.0,14.965,0.376,14.9596011655,-0.3748339495,-0.144937196433,1.77293862902,0.0966873951136,-0.116663030979,-1.0,flatNominal,Boss,4.0,7.0,-89.6,77.5959,0,0,-1,0,1,0,0,0,0,1,150.840117931,101.873141527,,,,,-99.9024052448,87.7726223471,-100.6300405,87.5860935091,-100.422186618,88.3076040988,125,62.000705719,437,417,3827,3850,2004,2028,3838.31428311,2015.81823719,8.42252023028,9.35229912774,0.00933697123295,2.25978400797e-05,2.35269801e-05,-4.67793338108e-07,3.05816817284,2.90214180946,1.56075549126,0.118729442358,0.106925696135,-0.000237069703871,456489.9375,457004.21875,18452.0371094,25840.9863281,3838,2016,3838,2015,0,3838.31014789,2015.43534127,3838.31,2015.62,3838.40443699,2015.8647004,3288.63215508,3834.85823508,3288.29454301,3835.03891288,3288.46129044,3834.95483296,3288.6316775,3834.75681356,125,-99.9199811575,87.7681733079,0.0181302691191,False,150.966248135,101.79835633,-100.647448964,87.5809924822,-100.44024174,88.3026890482
417,417,R+4C9,761,FTO457,flatNominal,457,457,7.41664991517,14.2857303467,0.0,14.9414925531,0.409571972769,14.946247506,-0.340650437212,0.0317060630603,2.95537636256,0.185715894742,-0.203735415925,0.00908873665754,flatNominal,ApogeeBoss,4.0,8.0,-67.2,77.5959,0,0,-1,0,1,0,0,0,0,1,233.752563,87.6271998882,,,,,-81.7102466088,70.1812185015,-81.7594040668,69.4096248153,-82.3719278685,69.8428347716,146,62.000705719,436,420,3886,3910,2204,2229,3897.80429957,2216.37604071,9.18501054833,9.064100201,0.00189563356446,2.3159663197e-05,2.34854903328e-05,-7.72581836954e-07,3.03068304062,3.01065945625,0.0156728737056,0.108873039484,0.110325351357,-4.55386398244e-05,453894.625,454489.84375,18429.6875,25830.625,3898,2216,3898,2216,0,3897.6592957,2216.06985424,3897.8,2216.15,3897.97232533,2216.41824596,3438.97001895,3689.38995229,3438.76555006,3689.66007956,3438.77663652,3689.50079736,3438.92976592,3689.22144818,146,-81.6920687801,70.1956371163,0.0232019375993,False,233.580216157,87.8240669651,-81.7408960233,69.4240224634,-82.353605165,69.8569702451
418,418,R+4C10,192,FTO458,flatNominal,458,458,7.35348328947,14.3321231559,0.0,14.965,0.376,14.977610858,-0.3748339495,0.474553627146,0.312197067166,0.152811230921,-0.219283922191,-1.0,flatNominal,Boss,4.0,9.0,-44.8,77.5959,0,0,-1,0,1,0,0,0,0,1,20.1742646098,97.423324585,,,,,-29.8170639873,77.375256232,-29.4390168185,78.0069123394,-29.0709877862,77.3523397423,198,62.000705719,460,439,3635,3659,2555,2584,3646.52261248,2570.48431195,8.1199490468,12.5658388269,0.00570163835698,2.35924186715e-05,3.47095626154e-05,3.37695826694e-07,3.54483366013,2.84955120087,1.56951391697,0.123153522611,0.0795808658004,-0.000111759647552,436380.53125,437048.4375,16186.9501953,22431.1367188,3646,2570,3646,2570,0,3646.47143409,2569.91897748,3646.45,2570.22,3646.56905429,2570.23962138,3869.13338668,3748.50535714,3868.65574943,3748.81208984,3868.93742529,3748.69442104,3868.89494336,3748.57729529,198,-29.7805007361,77.391458368,0.0399922560576,False,20.4876555181,97.1186387407,-29.4025495405,78.0231719056,-29.034421062,77.3686552314
419,419,R+4C11,1037,FTO459,flatNominal,459,459,7.3622695486,14.3039687719,0.0,14.965,0.376,14.9484829472,-0.3748339495,0.126317519681,0.136577113102,0.119437922363,-0.303832851196,-1.0,flatNominal,Boss,4.0,10.0,-22.4,77.5959,0,0,-1,0,1,0,0,0,0,1,327.685539722,64.4164037704,,,,,-18.9686856701,59.1638065333,-18.2972391288,58.8067381551,-18.9402776978,58.4187615689,221,62.000705719,432,410,3729,3750,2705,2734,3739.27682086,2720.21602656,6.94697920079,15.9160234296,-0.117283750562,2.4632344934e-05,5.08232475476e-05,-2.10967910472e-07,3.9896812439,2.63542127609,-1.55772280693,0.143965363503,0.0628375783563,0.00212173582986,367645.25,368276.125,12772.1982422,18721.4511719,3739,2720,3739,2719,0,3739.12706696,2719.26479312,3739.19,2719.97,3739.27990107,2719.81866584,3959.02455457,3597.03751413,3958.25030166,3597.61005558,3958.84634758,3597.22371969,3958.67078051,3597.21848083,221,-18.8992031198,59.1251817067,0.0794965535875,False,328.288805056,63.8305129167,-18.2276483312,58.7683169556,-18.87056922,58.380145391
420,420,R+4C12,638,FTO460,flatNominal,460,460,7.43400269621,14.2986346954,0.0,14.965,0.376,14.9429644282,-0.3748339495,8.09907450719,-8.89503803063,0.110938420807,-0.225395614759,-1.0,flatNominal,Boss,4.0,11.0,0.0,77.5959,0,0,-1,0,1,0,0,0,0,1,228.270299435,74.7651922703,,,,,-18.5092819696,73.974436271,-18.872329691,73.3009267527,-19.2542312762,73.9477562243,210,62.000705719,435,410,3618,3640,2652,2680,3628.23962019,2667.09517243,7.5538605886,14.6417190847,-0.118885751937,2.76890625198e-05,4.78296336213e-05,-1.45831508689e-07,3.82671046257,2.74806594849,-1.55402946472,0.132399559021,0.0683067217469,0.00215007830411,364759.15625,365393.59375,13052.8193359,19194.1328125,3628,2666,3628,2666,0,3628.14128762,2666.43646611,3628.17,2666.85,3628.32410205,2666.70892393,3963.25289178,3720.05461147,3962.71425845,3720.44632238,3963.06812816,3720.22981533,3962.87133963,3720.15826009,210,-18.4184992014,73.9703071601,0.0908766226712,False,227.644067287,75.7309542869,-18.7775494122,73.2946580905,-19.1632773253,73.9392131022
421,421,R+4C13,1376,FTO461,flatNominal,461,461,7.35801946039,14.3360385678,0.0,14.965,0.376,14.9816616576,-0.3748339495,0.242122215604,-0.295158622006,0.0588062071629,-0.0794627669687,-1.0,flatNominal,Boss,4.0,12.0,22.4,77.5959,0,0,-1,0,1,0,0,0,0,1,280.728600025,82.9175788164,,,,,15.9954436853,61.8289511871,16.410122243,61.224790466,15.6618084594,61.1611059956,259,62.000705719,433,407,3577,3596,2953,2981,3585.91252541,2966.90811181,6.67592571338,17.8230252702,0.118708622488,2.96096184289e-05,6.34328311298e-05,2.25979595822e-07,4.22188234329,2.58353662491,1.56014859676,0.149809703231,0.0561138428748,-0.00199558748864,331029.59375,331720.5625,11409.3984375,16474.8984375,3586,2967,3586,2967,0,3585.72215747,2966.45716369,3585.82,2966.54,3586.08358262,2966.89660478,4248.67244235,3618.98502295,4248.36058113,3619.36229837,4248.39214487,3619.24093073,4248.58315982,3618.83866172,259,16.0126621159,61.8407440576,0.0208697423588,False,280.64476901,83.0785377097,16.4281535798,61.2371420972,15.679926202,61.1724503532
422,422,R+4C14,1382,FTO462,flatNominal,462,462,7.44131251088,14.3423802396,0.0,14.965,0.376,14.9882226128,-0.3748339495,0.105348041941,1.72858627262,0.0619084899845,-0.204734168204,-1.0,flatNominal,Boss,4.0,13.0,44.8,77.5959,0,0,-1,0,1,0,0,0,0,1,114.30500865,126.500637531,,,,,38.6334493891,87.2008179392,37.9076757087,87.153027451,38.2321239823,87.8305407182,270,62.000705719,449,430,3303,3324,3023,3051,3313.18913217,3036.19346335,7.3478828353,17.2546862627,-0.0793930448198,2.89044541005e-05,5.60559484211e-05,-1.68642768287e-06,4.15395259857,2.71058058739,-1.56278300285,0.136100396514,0.0579581521451,0.00125246262178,357575.3125,358327.375,13512.7910156,19862.2910156,3313,3036,3313,3036,0,3313.07015755,3035.94575675,3313.11,3035.86,3313.28070953,3036.32315843,4436.18831932,3828.78565461,4436.02367285,3829.00566611,4435.93091272,3829.01090074,4436.26098753,3828.64449315,270,38.6030078117,87.2118134049,0.0323664935478,False,114.619160758,126.303874055,37.8773335685,87.1625360399,38.2003930606,87.8407126201
423,423,R+4C15,261,FTO463,flatNominal,463,463,7.42501992541,14.3490024525,0.0,14.9792211382,0.395097868217,14.99675642,-0.362039874526,0.674286688516,-0.563350108636,0.0730024913367,-0.198124475893,0.0111198928739,flatNominal,ApogeeBoss,4.0,14.0,67.2,77.5959,0,0,-1,0,1,0,0,0,0,1,245.43201685,128.498164415,,,,,63.6945193218,66.6100540133,64.2307148985,66.0945230048,63.5004533986,65.8938162799,313,62.000705719,430,404,3357,3381,3287,3314,3368.86821613,3299.32001013,8.44473183043,10.3337280916,0.349154710157,2.61066778325e-05,3.34081785505e-05,6.29439150788e-07,3.22431373596,2.89521360397,1.39375054836,0.118582680821,0.0969058722258,-0.00801331363618,404054.4375,404685.8125,17412.5878906,23515.8378906,3369,3299,3369,3299,0,3368.68801085,3299.20628396,3368.8,3299.12,3368.9940678,3299.61110256,4643.76929168,3657.77138641,4643.75175579,3657.9837542,4643.62604904,3657.92321668,4643.96923026,3657.52521978,313,63.6917978641,66.6133537321,0.00427720427597,False,245.394235975,128.516576082,64.2278191316,66.0976414887,63.4974898232,65.897181645
424,424,R+4C16,816,FTO464,flatNominal,464,464,7.3841150159,14.2942241329,0.0,14.965,0.376,14.9384013566,-0.3748339495,-0.0281527541074,-0.132671799471,0.0526782300265,-0.0276291205928,-1.0,flatNominal,Boss,4.0,15.0,89.6,77.5959,0,0,-1,0,1,0,0,0,0,1,267.76563406,80.6206423044,,,,,79.2771157177,63.8412859178,79.5083246465,63.1078974157,78.7787173962,63.2871524517,331,62.000705719,437,421,3319,3342,3413,3440,3329.84215805,3424.59564358,8.52764985513,8.83089481662,0.403866082761,1.97927430451e-05,2.22983742741e-05,6.53206659832e-07,3.01838731766,2.87191271782,0.964970946312,0.117520138621,0.113484606147,-0.0107491705567,484416.09375,485148.5625,20874.9335938,28214.9960938,3330,3424,3330,3424,0,3329.66525149,3424.50231397,3329.76,3424.45,3329.98177267,3424.72673944,4772.89601921,3634.4624658,4772.8950445,3634.6624793,4772.80523971,3634.60243601,4772.94772214,3634.27806088,331,79.2941184726,63.8384585018,0.0172362396143,False,267.760196354,80.6955751349,79.5262167718,63.1053509767,78.7963926365,63.2837209267
425,425,R+4C17,463,FTO465,flatNominal,465,465,7.44494063781,14.3616464421,0.0,15.0042024796,0.36982580007,15.0049513018,-0.387363077021,0.134077136949,0.230623804446,0.113090104269,-0.220173171949,0.0218736866059,flatNominal,ApogeeBoss,4.0,16.0,112.0,77.5959,0,0,-1,0,1,0,0,0,0,1,10.0124193728,170.020980835,,,,,112.991582892,84.5156038629,112.617301462,85.1555747961,113.374466859,85.1615846393,354,62.000705719,462,438,3038,3062,3582,3607,3049.76723607,3593.43448164,8.63843731118,9.64456187889,0.296472723404,2.02614377604e-05,2.26507734756e-05,3.59563900925e-07,3.11856126785,2.92533326149,1.30452561378,0.115883938968,0.103794880211,-0.00712451757863,502191.46875,502660.625,21754.2148438,31231.0878906,3050,3593,3050,3593,0,3049.63415993,3592.93906884,3049.76,3593.07,3049.79651002,3593.28954021,5052.08713969,3804.75877641,5051.70936475,3805.10580552,5051.76785257,3804.93779169,5051.94508314,3804.79982419,354,113.019664456,84.5215792696,0.0287102725469,False,10.2717611276,169.781891879,112.645156835,85.1614178626,113.40232006,85.1676953467
426,426,R+4C19,852,FTO467,flatNominal,467,467,7.42602895099,14.3185823232,0.0,14.9483741641,0.394233430892,14.9630685398,-0.371549387051,1.70879702972,0.400525546746,0.0423204368976,-0.0538630052547,0.0289985192629,flatNominal,ApogeeBoss,4.0,18.0,156.8,77.5959,0,0,-1,0,1,0,0,0,0,1,240.204691887,145.676221848,,,,,156.914626793,68.4060820008,157.558320382,68.0349804996,156.889009412,67.6626069306,408,62.000705719,434,412,2990,3014,3966,3990,3002.13754429,3976.84495135,8.32717344443,9.15233276292,0.24623313585,2.15125212173e-05,2.308102659e-05,3.69625292959e-07,3.03648233414,2.87389659882,1.30175971985,0.120184376836,0.109348751605,-0.00646684877574,462451.03125,462928.78125,20336.1113281,29279.734375,3002,3976,3002,3976,0,3002.09596799,3976.430527,3002.1,3976.46,3002.06076714,3976.78263535,5414.08616079,3669.74438996,5413.73790046,3669.97284319,5413.75810199,3669.95214733,5414.06639729,3669.84127864,408,156.905012878,68.3614029495,0.0457016957883,False,240.684999051,145.284153371,157.54927722,67.9912932119,156.88054052,67.6178893087
427,427,R+4C20,460,FTO468,flatNominal,468,468,7.41551112708,14.3443170136,0.0,14.965,0.376,14.9902263568,-0.3748339495,-0.893001156853,6.16443589864,0.0786102266541,-0.164771975452,-1.0,flatNominal,Boss,4.0,19.0,179.2,77.5959,0,0,-1,0,1,0,0,0,0,1,50.5687111616,96.9134259224,,,,,191.255863261,85.4713688969,191.205742234,86.1953241802,191.884817008,85.8740058967,439,62.000705719,411,396,2736,2759,4151,4175,2747.388421,4161.91547838,8.25723943974,8.82186556686,0.267001051145,2.49726673678e-05,2.6787804282e-05,4.58231258728e-07,2.98799705505,2.85499167442,1.19203102589,0.121224485338,0.113465756178,-0.00733791850507,407143.53125,407788.03125,17338.7636719,24904.8261719,2747,4161,2747,4161,0,2747.42662704,4161.52506135,2747.38,4161.52,2747.35355377,4161.83240355,5695.96234338,3810.07982195,5695.59848797,3810.22643164,5695.61873166,3810.27299835,5695.90479773,3810.14914474,439,191.224897049,85.5074717307,0.0475638614572,False,50.7114593453,96.9632720837,191.172342802,86.2312544472,191.852493819,85.9122206204
428,428,R+4C21,899,FTO469,flatNominal,469,469,7.4114829528,14.2983234988,0.0,14.9359580932,0.370332905315,14.9332979627,-0.395273480588,-0.624523607065,0.219710140657,0.0601684555272,-0.167974747954,0.0272832730684,flatNominal,ApogeeBoss,4.0,20.0,201.6,77.5959,0,0,-1,0,1,0,0,0,0,1,317.9103899,112.519794703,,,,,209.842706199,67.2058000035,210.568490437,67.3360366236,210.304456122,66.6173947832,462,62.000705719,430,413,2800,2822,4357,4381,2810.62043316,4367.70327152,8.11435490742,8.99533302785,0.483680288605,2.12889596734e-05,2.31500207422e-05,9.58419917179e-07,3.03464055061,2.81080842018,1.15474665165,0.123634651303,0.111526213586,-0.0132957044989,461170.5625,461834.4375,20319.1757812,29157.9257812,2811,4367,2810,4367,0,2810.33932588,4367.12725268,2810.58,4367.26,2810.62875981,4367.61106427,5849.20786791,3658.87561441,5848.82705161,3659.39117037,5848.83464701,3659.12121015,5849.12225598,3658.91085793,462,209.903690022,67.2780982371,0.0945836198931,False,318.186602537,112.654371642,210.628521865,67.4135350703,210.369646688,66.6930186878
429,429,R+4C22,806,FTO470,flatNominal,470,470,7.38592809712,14.3336893103,0.0,14.965,0.376,14.9792311671,-0.3748339495,-0.887158441001,0.297642081719,0.0998735212267,-0.171469003745,-1.0,flatNominal,Boss,4.0,21.0,224.0,77.5959,0,0,-1,0,1,0,0,0,0,1,74.7375386953,139.787099361,,,,,222.921163842,87.3338910241,222.256776246,87.6477672878,222.871776224,88.0787303637,465,62.000705719,437,420,2603,2627,4375,4399,2615.25989213,4385.60450966,8.68684193725,8.82190423395,0.260590621507,2.31254263782e-05,2.32735726891e-05,5.78031242249e-07,3.00392603874,2.91293215752,0.91218239069,0.115218728781,0.11345474422,-0.00680690258741,457013.65625,457519.625,20354.3164062,30079.6894531,2615,4385,2615,4385,0,2615.37939918,4385.08774385,2615.34,4385.2,2615.25625176,4385.50820054,5955.39562896,3823.83122881,5954.88215173,3823.96415722,5954.99569058,3823.94819541,5955.31191208,3823.87898008,465,222.931506944,87.3443741321,0.014726686997,False,74.7729197708,139.708002843,222.267359022,87.6587572178,222.882687637,88.0892509366
430,430,R+4C23,872,FTO471,flatNominal,471,471,7.43759256566,14.3028852822,0.0,14.9707163801,0.333327529811,14.9807977824,-0.329631359421,-0.0247767883207,0.103804828186,0.106866449872,-0.240440108263,0.0223050185267,flatNominal,ApogeeBoss,4.0,22.0,246.4,77.5959,0,0,-1,0,1,0,0,0,0,1,262.7561903,65.2760517597,,,,,231.225931872,66.2858123262,231.156156126,65.5426858479,230.587928184,65.8843481502,478,62.000705719,432,416,2727,2750,4517,4540,2738.13178878,4527.35419167,8.88042378246,8.66469546343,0.389034709439,2.34097410292e-05,2.35219932417e-05,5.27481713564e-07,3.02923607826,2.89289617538,0.650164663792,0.112829163671,0.115638315678,-0.0101317958906,450375.9375,450895.875,20194.6445312,29977.0820312,2738,4527,2738,4527,0,2738.04559531,4526.76986126,2738.07,4526.91,2738.20067928,4527.23500683,6024.28565401,3649.34730467,6023.80735988,3649.69386788,6023.92538033,3649.60831775,6024.14812195,3649.34131626,478,231.335949247,66.2300929657,0.123322625636,False,262.669443373,65.8736823901,231.272802351,65.4863738742,230.70155057,65.8229559988
431,431,R+3C1,839,FTO472,flatNominal,472,472,7.36668220767,14.3406540589,0.0,14.9797909448,0.381235419476,14.9999996162,-0.360117757493,-0.886984066696,-0.110841365161,0.195631935228,-0.234772061125,0.0129833863244,flatNominal,ApogeeBoss,3.0,0.0,-257.6,58.1969,0,0,-1,0,1,0,0,0,0,1,84.1258442402,44.2147833109,,,,,-239.118205955,65.8327745785,-238.841329714,66.5235538134,-238.375571556,65.9464210196,18,62.000705719,428,406,4518,4540,1072,1097,4529.10527313,1085.00512498,7.89267562624,9.03708664105,0.410818354795,2.28696240113e-05,2.59940232431e-05,8.9760108428e-07,3.02808332443,2.78576254845,1.25945854187,0.127000257373,0.110917583108,-0.0115466490388,435662.15625,436131.0,20152.2988281,29589.9863281,4529,1085,4529,1085,0,4528.84039963,1084.91343138,4528.93,1084.98,4529.06755952,1084.8040708,2143.90650169,3652.62645898,2143.94764438,3652.90371873,2143.96712819,3652.79396827,2143.74565655,3652.75284703,18,-239.153039656,65.844909144,0.0368867788183,False,83.9001097677,44.6465895309,-238.878649679,66.5366797304,-238.410818805,65.9612258258
432,432,R+3C2,886,FTO473,flatNominal,473,473,7.40223189259,14.3556963774,0.0,14.965,0.376,15.0019991981,-0.3748339495,-0.0324771066083,3.0904476344,0.206676590076,-0.222099603241,-1.0,flatNominal,Boss,3.0,1.0,-235.2,58.1969,0,0,-1,0,1,0,0,0,0,1,117.461206913,65.94165802,,,,,-230.467354021,75.6645472107,-230.909527346,76.2276721125,-230.167625239,76.3489231915,20,62.000705719,439,417,4413,4436,1099,1122,4424.41586999,1110.68946489,7.92326739056,9.20406210484,0.397834819969,2.04971775585e-05,2.27834006966e-05,7.14703670484e-07,3.05247044563,2.79459381104,1.29285407066,0.126485064626,0.108883991838,-0.0109343389049,473901.90625,474370.75,20664.8027344,29276.125,4424,1111,4424,1110,0,4424.23151373,1110.45662053,4424.29,1110.63,4424.3906503,1110.52117376,2215.07889709,3733.58352525,2214.95765499,3733.85464161,2215.0843619,3733.72368257,2214.94132792,3733.68368841,20,-230.477921874,75.6520191336,0.0163900042599,False,117.367980125,66.0995865057,-230.92073083,76.2146443488,-230.17896612,76.336733149
433,433,R+3C3,669,FTO474,flatNominal,474,474,7.41894982636,14.3159176746,0.0,14.971982335,0.366683389173,14.9591583577,-0.388972255826,-1.093697592,1.67990664062,0.194522575491,-0.272543183503,0.0517462435218,flatNominal,ApogeeBoss,3.0,2.0,-212.8,58.1969,0,0,-1,0,1,0,0,0,0,1,305.008921623,69.8753374815,,,,,-215.410611366,40.0656340909,-214.882213849,39.5311496565,-215.613911319,39.3419441563,50,62.000705719,427,409,4617,4640,1342,1366,4628.42103827,1354.0872472,7.80496201559,8.91933716673,0.444222607196,2.09597070635e-05,2.2877964435e-05,5.35155521977e-07,3.01243162155,2.7657828331,1.23426270485,0.128487840295,0.112434662879,-0.0127985300496,458278.3125,458896.875,21271.2929688,31518.1054688,4628,1354,4628,1354,0,4628.18018826,1353.96435803,4628.23,1354.04,4628.40123717,1354.02211364,2336.59540338,3440.16517576,2336.5977782,3440.43555482,2336.63924227,3440.35613266,2336.54680172,3440.21284485,50,-215.421688273,40.0594139371,0.0127038649958,False,305.033724002,69.7970991409,-214.893789464,39.524436934,-215.625663075,39.3359139215
434,434,R+3C5,1357,FTO476,flatNominal,476,476,7.38245321908,14.3167266976,0.0,14.9691143258,0.362895092769,14.9561502066,-0.378415079644,1.08418513325,0.190573618508,0.112843146096,-0.437370529464,0.0176227582664,flatNominal,ApogeeBoss,3.0,4.0,-168.0,58.1969,0,0,-1,0,1,0,0,0,0,1,19.2570309341,135.087418556,,,,,-159.961222277,64.2019710014,-160.022450121,64.9459828407,-159.352600008,64.6281626605,77,62.000705719,444,429,4228,4252,1653,1678,4240.4988783,1665.88744654,7.92809128508,9.53169829842,0.22734208874,2.02179158834e-05,2.38537374235e-05,1.54420261094e-07,3.09245944023,2.81006836891,1.43265295029,0.126220092177,0.104984901845,-0.00602099206299,476251.125,476898.875,20546.546875,29179.5488281,4240,1666,4240,1666,0,4240.350287,1665.64865339,4240.37,1665.77,4240.60316463,1665.91608674,2792.411357,3640.00206659,2792.26830597,3640.24421932,2792.36295008,3640.17141184,2792.38854193,3639.89635296,77,-159.970230025,64.2264841246,0.0261157562319,False,19.462433637,135.030469706,-160.033385402,64.9703348248,-159.362714064,64.6542512968
435,435,R+3C6,1346,FTO477,flatNominal,477,477,7.39859544992,14.3433499008,0.0,14.965,0.376,14.9892258031,-0.3748339495,-0.247737354216,0.338086970452,0.213696546893,0.0978883080944,-1.0,flatNominal,Boss,3.0,5.0,-145.6,58.1969,0,0,-1,0,1,0,0,0,0,1,273.611540794,60.7207542658,,,,,-159.080404324,44.6113376117,-159.009635666,43.8882770037,-159.6973493,44.1905822584,86,62.000705719,440,426,4371,4392,1735,1760,4381.23681989,1746.93242522,7.90750449506,9.53710076085,0.395496084087,2.06008252791e-05,2.57691943623e-05,3.7712851759e-07,3.10290408134,2.79581665993,1.34484994411,0.126724988222,0.105071596801,-0.0105103710666,459639.34375,460269.59375,20458.4003906,30065.8378906,4381,1747,4381,1747,0,4381.02417511,1746.68188922,4381.08,1746.79,4381.31181641,1747.02395823,2799.21355327,3477.73935708,2799.08970118,3478.04373636,2799.15910729,3477.94450713,2799.26004743,3477.63054043,86,-159.07515166,44.6076080748,0.0064420433983,False,273.621253092,60.733975225,-159.004093595,43.8845758506,-159.691928175,44.1866058162
436,436,R+3C7,979,FTO478,flatNominal,478,478,7.41116648384,14.299521365,0.0,14.9396810162,0.366601110617,14.9389755134,-0.383819747102,0.0121362771023,2.62257636829,0.144976059979,-0.207011655462,0.0153245524976,flatNominal,ApogeeBoss,3.0,6.0,-123.2,58.1969,0,0,-1,0,1,0,0,0,0,1,200.409035683,82.3288446665,,,,,-139.780821448,61.206591278,-140.300893581,60.6834032332,-140.499146076,61.4071627994,96,62.000705719,442,421,4175,4197,1812,1838,4185.66094838,1824.74705349,7.86854201302,9.45957962976,0.416937680653,2.08652601353e-05,2.53520535497e-05,6.90849460843e-07,3.09228372574,2.78673696518,1.32942259312,0.127385854721,0.105960413814,-0.0112292440608,461852.34375,462495.15625,19051.0917969,26126.3398438,4186,1825,4185,1824,0,4185.32881273,1824.38233559,4185.58,1824.59,4185.84209151,1824.83960722,2958.62762206,3615.18822962,2958.45776197,3615.65135032,2958.52694193,3615.33412286,2958.62595023,3614.98481813,96,-139.788525929,61.2182902041,0.0140079940325,False,200.442673827,82.2402850597,-140.30909933,60.6956009201,-140.506657967,61.4195501907
437,437,R+3C8,1354,FTO479,flatNominal,479,479,7.43133713287,14.3152145943,0.0,14.965,0.376,14.9601176295,-0.3748339495,-0.458245670086,0.410237517548,0.144975350879,-0.288736724181,-1.0,flatNominal,Boss,3.0,7.0,-100.8,58.1969,0,0,-1,0,1,0,0,0,0,1,13.4692905843,170.674774647,,,,,-100.438172456,65.0900238446,-100.859625433,65.7112922739,-100.110360597,65.7600535449,129,62.000705719,437,416,3995,4018,2087,2110,4006.54519925,2098.13507417,8.62574155957,9.05802931326,0.22485412662,2.16028160703e-05,2.26954861081e-05,1.58325466649e-07,3.02552127838,2.92061495781,1.16822290421,0.116007126868,0.11047077179,-0.00575946085155,465659.9375,466137.4375,19263.671875,27675.4238281,4006,2098,4006,2098,0,4006.36349698,2097.8153772,4006.37,2097.93,4006.82339866,2098.17500921,3283.85226721,3647.62881574,3283.6527837,3647.93773028,3283.7518382,3647.87834691,3283.75906836,3647.3636673,129,-100.417307215,65.1587021716,0.0717779275717,False,16.5171034496,169.079999394,-100.854378531,65.7690838047,-100.106591091,65.8368289334
438,438,R+3C9,260,FTO480,flatNominal,480,480,7.43663161794,14.2900404958,0.0,14.9356090672,0.384671121557,14.9340730571,-0.3748339495,0.690718303208,0.588550446759,0.158549655679,-0.441992057135,0.0103178251234,flatNominal,ApogeeBoss,3.0,8.0,-78.4,58.1969,0,0,-1,0,1,0,0,0,0,1,342.839205265,66.390402317,,,,,-69.9224307292,41.8189839048,-69.1795956042,41.7052885703,-69.6637948148,41.1201377892,175,62.000705719,421,402,4050,4073,2397,2425,4061.34347528,2411.29167575,8.38697713667,10.4081593261,0.141327777239,2.57750085256e-05,3.20249590333e-05,-1.01620714133e-08,3.22769165039,2.89432954788,1.50132358074,0.119259759784,0.0961004570127,-0.00323875062168,398360.90625,398881.4375,16150.7802734,22708.84375,4061,2411,4061,2411,0,4061.1696786,2410.76995263,4061.18,2410.95,4061.71562939,2411.12597592,3536.20338392,3454.2669217,3535.82110385,3454.6622219,3535.97543671,3454.57047286,3535.88440845,3454.01352522,175,-69.881598435,41.8494343085,0.050936267355,False,342.9414949,66.4655889532,-69.1384146978,41.7380404812,-69.6207990574,41.1513926806
439,439,R+3C10,503,FTO481,flatNominal,481,481,7.42804395699,14.3348645119,0.0,14.965,0.376,14.980447005,-0.3748339495,-0.844735578205,2.69846313507,0.183969217372,-0.301664583534,-1.0,flatNominal,Boss,3.0,9.0,-56.0,58.1969,0,0,-1,0,1,0,0,0,0,1,228.789103031,133.933135271,,,,,-60.6733014973,48.6994487063,-60.2482273135,48.1013193961,-60.9954355546,48.0260195012,181,62.000705719,454,426,3964,3987,2440,2466,3975.31540324,2453.46245421,9.44072043178,10.7207374024,-0.188586246264,2.57033275914e-05,3.32721574922e-05,-2.78732713167e-07,3.27840566635,3.0681450367,-1.4275200367,0.105961352587,0.0933099538088,0.00372788798995,423842.5,424383.90625,15591.9082031,22417.2832031,3975,2453,3975,2453,0,3975.21952323,2452.96156183,3975.26,2453.13,3975.63291462,2453.3050761,3613.36768683,3511.05489656,3612.96785741,3511.37147608,3613.09683171,3511.26215604,3613.08135154,3510.84610614,181,-60.587555017,48.6995685216,0.0857465640455,False,228.867928994,134.225656189,-60.1586131771,48.1042067565,-60.9053176923,48.0240656517
440,440,R+3C11,914,FTO482,flatNominal,482,482,7.38726689768,14.3458260032,0.0,14.9817592051,0.373434940327,14.9917875245,-0.3748339495,1.09197194321,-0.272987739939,0.158122940166,-0.283730637508,0.019408989061,flatNominal,ApogeeBoss,3.0,10.0,-33.6,58.1969,0,0,-1,0,1,0,0,0,0,1,72.5431054831,168.172702789,,,,,-39.4072584634,62.7949639091,-40.1443000379,62.7697764232,-39.7964723287,63.432364367,197,62.000705719,423,398,3779,3802,2541,2568,3791.04380247,2555.34026204,7.60078568161,12.0113463611,0.169966865789,2.75021319103e-05,4.07929400814e-05,8.75228497312e-07,3.46668243408,2.75576591492,1.53233599663,0.131606996059,0.0832809656858,-0.00372461625375,370547.125,371104.6875,14650.7529297,20158.9414062,3791,2555,3791,2555,0,3790.96413441,2554.79023872,3791.01,2555.1,3791.0063363,2555.13995711,3788.89329118,3627.35568245,3788.44240137,3627.6805994,3788.69698766,3627.49971424,3788.73299603,3627.48150471,197,-39.4295404698,62.7500484721,0.0501386506566,False,72.4778708419,168.405204755,-40.1665053722,62.7227094028,-39.8206134788,63.3863099579
441,441,R+3C12,1126,FTO483,flatNominal,483,483,7.37495634878,14.3198220988,0.0,14.9563590833,0.376417011149,14.9582230835,-0.373908878639,0.233590027059,-0.0343329801436,0.146663193179,-0.151449582756,0.0173795322402,flatNominal,ApogeeBoss,3.0,11.0,-11.2,58.1969,0,0,-1,0,1,0,0,0,0,1,105.879009962,82.1743226051,,,,,-6.32162452701,74.2685173605,-6.78551053532,74.8444330403,-6.04322189855,74.9539775294,226,62.000705719,452,437,3570,3592,2740,2769,3579.85245771,2755.27935127,7.39282380872,16.8609736798,-0.132045205686,2.54280424538e-05,5.02780558703e-05,-5.46333847227e-07,4.10643577576,2.71863627434,-1.556853652,0.135285228491,0.059316854924,0.00211894838139,382323.5,383130.90625,13107.5419922,17726.4785156,3580,2755,3580,2755,0,3579.68352565,2754.39063299,3579.78,2755.04,3580.00647134,2754.88352879,4063.81725665,3722.19363222,4063.10730354,3722.75427898,4063.64041002,3722.36310681,4063.39507077,3722.24005121,226,-6.28865285803,74.246365243,0.0397221256302,False,105.670195811,82.2798131066,-6.75149954206,74.8231165291,-6.00901456664,74.9313222436
442,442,R+3C13,296,FTO484,flatNominal,484,484,7.49799359108,14.3349386771,0.0,14.994675074,0.391221696706,14.9896105351,-0.344404995556,0.782053738909,1.63790435906,0.164743387015,-0.184134315458,0.0112672752721,flatNominal,ApogeeBoss,3.0,12.0,11.2,58.1969,0,0,-1,0,1,0,0,0,0,1,249.997973442,114.472153187,,,,,5.65548915188,46.269051393,6.12303079212,45.66101246,5.39210914198,45.5777909407,255,62.000705719,467,443,3730,3751,2937,2966,3740.02532732,2950.58350654,6.90751601651,18.8895569203,0.255734740422,2.55319321781e-05,5.28972865402e-05,1.32008600141e-06,4.34683942795,2.62717723846,1.54946613312,0.14484244585,0.0529658533633,-0.0039218752645,389448.8125,390089.09375,13631.7070312,20041.5195312,3740,2950,3740,2950,0,3739.82099823,2950.0979324,3739.9,2950.2,3740.16997723,2950.60759004,4162.95136023,3489.87598172,4162.61524939,3490.28164429,4162.67187183,3490.15901057,4162.90584471,3489.73658319,255,5.70077386931,46.2519816571,0.0483950567442,False,250.18912303,114.496364087,6.17059766751,45.6457043872,5.43999398878,45.5597361107
443,443,R+3C14,575,FTO485,flatNominal,485,485,7.41132082013,14.3262709608,0.0,14.9730636822,0.375861704353,14.9727643279,-0.378613884538,0.764415761516,0.581688920867,0.101651766298,-0.185682000427,0.00915641119403,flatNominal,ApogeeBoss,3.0,13.0,33.6,58.1969,0,0,-1,0,1,0,0,0,0,1,70.2554225922,128.767318726,,,,,35.4362588795,69.1152537174,34.8587750877,69.5907800736,35.5661785558,69.8531039901,277,62.000705719,453,432,3447,3469,3068,3097,3458.06843393,3081.43691082,7.42061365905,16.417828461,0.179307440995,2.96791957316e-05,5.70043053338e-05,5.24121857747e-08,4.05233287811,2.72342467308,1.55087769032,0.134795323014,0.0609254725277,-0.00294433627278,358336.59375,359020.0,13734.2246094,19319.3496094,3458,3081,3458,3081,0,3457.92994754,3081.37337086,3457.98,3081.14,3458.21602014,3081.69948418,4409.32983511,3679.40157432,4409.33751419,3679.55374803,4409.10514186,3679.61571792,4409.49443733,3679.14931935,277,35.387159954,69.1656101686,0.0703311926513,False,70.8975585747,128.448352665,34.8070032134,69.6378717503,35.5129158304,69.9041814967
444,444,R+3C15,694,FTO486,flatNominal,486,486,7.40163776239,14.3053729259,0.0,14.965,0.376,14.9499356543,-0.3748339495,-0.833515425302,-0.752762885692,0.132266686039,0.181765074851,-1.0,flatNominal,Boss,3.0,14.0,56.0,58.1969,0,0,-1,0,1,0,0,0,0,1,345.023682117,150.801998377,,,,,64.4140356644,60.9232474916,64.6242935569,61.6528196234,65.137326271,61.1043891461,316,62.000705719,416,391,3396,3420,3314,3341,3407.75065403,3326.46595043,8.27222738371,9.97975989706,0.30772625296,2.82349636451e-05,3.52878067908e-05,3.36992880446e-08,3.16757392883,2.86678624153,1.39782655239,0.121025249362,0.100317880511,-0.00746363587677,377986.84375,378527.0625,15982.0205078,21275.5859375,3408,3326,3407,3326,0,3407.43335873,3326.2966204,3407.66,3326.25,3407.88408656,3326.7187538,4649.86513324,3610.74387566,4649.86166803,3611.10351014,4649.71564941,3610.92744678,4650.02761532,3610.50868775,316,64.432295705,60.9427367183,0.0267069099282,False,345.43597844,150.579052565,64.6401413711,61.672999723,65.1549837278,61.1262677027
445,445,R+3C16,1329,FTO487,flatNominal,487,487,7.40573648129,14.3111806253,0.0,14.980689369,0.341591120799,14.9268597943,-0.440870518133,1.24636607933,-0.0660984146255,0.105916479888,-0.0623551291421,0.0148724905484,flatNominal,ApogeeBoss,3.0,15.0,78.4,58.1969,0,0,-1,0,1,0,0,0,0,1,315.381195545,118.727381229,,,,,87.0938809989,49.0734449605,87.8281879165,49.2338189061,87.5774197523,48.490677488,349,62.000705719,447,426,3397,3420,3527,3552,3408.45309504,3538.76290664,8.71500110884,9.25458696988,0.218799673149,2.28700349555e-05,2.37595028598e-05,3.24922241428e-07,3.05485796928,2.93895053864,1.2300927639,0.1148128286,0.108118698001,-0.00542887719348,465987.59375,466634.8125,19821.921875,29342.921875,3408,3538,3408,3538,0,3408.35955227,3538.40902185,3408.38,3538.44,3408.59659797,3538.69910039,4837.78963127,3511.9771096,4837.51907681,3512.22365569,4837.53857176,3512.19469426,4837.66671187,3511.87935915,349,87.1268460797,49.0839869642,0.0346096864348,False,315.638767589,118.607812654,87.8607645886,49.2461291055,87.6117870916,48.5023858397
446,446,R+3C17,825,FTO488,flatNominal,488,488,7.36144120271,14.3199721605,0.0,14.965,0.376,14.9650397036,-0.3748339495,0.133380235763,-1.50333833703,0.0964034209322,-0.0746085488346,-1.0,flatNominal,Boss,3.0,16.0,100.8,58.1969,0,0,-1,0,1,0,0,0,0,1,322.917666435,99.9992644787,,,,,108.890639365,45.3948629288,109.636893739,45.4181292886,109.279202732,44.7579711524,378,62.000705719,433,414,3341,3364,3701,3725,3352.26287079,3712.84217769,8.38298960982,9.19433048831,0.114355769204,2.16212936308e-05,2.39281606208e-05,-2.43446221785e-07,3.0348212719,2.8926076889,1.43341457844,0.119309425354,0.108781136572,-0.00296785542741,455739.25,456320.0625,19345.8398438,27891.7128906,3352,3712,3352,3712,0,3352.21385641,3712.50369072,3352.22,3712.5,3352.38541772,3712.71911113,5018.12672774,3481.3264074,5017.84924166,3481.52635068,5017.8445172,3481.51999113,5017.96094855,3481.27463495,378,108.927623915,45.4381880395,0.056964217883,False,323.012017471,100.134952687,109.673778861,45.4644503719,109.318741227,44.8028614516
447,447,R+3C18,719,FTO489,flatNominal,489,489,7.34815217756,14.3159194512,0.0,14.9723046872,0.359791460996,14.9631081815,-0.394647847987,-0.891993995149,-0.0626558189928,0.0501242010988,-0.359707478005,0.0174397312528,flatNominal,ApogeeBoss,3.0,17.0,123.2,58.1969,0,0,-1,0,1,0,0,0,0,1,99.3540108204,144.646103382,,,,,117.347719199,65.7172515811,116.599551922,65.6940740229,116.949724149,66.3623873163,375,62.000705719,457,437,3160,3184,3685,3711,3171.55882492,3697.11997819,8.5376367159,9.4953861433,0.110478646713,2.22358613491e-05,2.45747848099e-05,1.7498476734e-09,3.08349871635,2.91977024078,1.45742750168,0.117146067321,0.10533016175,-0.00272598490119,476513.21875,477032.40625,19608.90625,27037.0957031,3172,3697,3172,3697,0,3171.25772953,3696.58127252,3171.49,3696.75,3171.58109162,3696.98045258,5087.72408264,3648.82968482,5087.3855933,3649.34571505,5087.43148784,3649.0582053,5087.59006786,3648.87444239,375,117.33804146,65.6957911,0.0235416836567,False,99.3394180851,144.748707729,116.589910669,65.6714643156,116.939055892,66.3403147171
448,448,R+3C19,902,FTO490,flatNominal,490,490,7.39685319484,14.3321354025,0.0,14.965,0.376,14.9776235281,-0.3748339495,0.805348531754,3.0753389177,0.149830422167,-0.208476983442,-1.0,flatNominal,Boss,3.0,18.0,145.6,58.1969,0,0,-1,0,1,0,0,0,0,1,144.344784021,57.0423460007,,,,,143.500620614,77.0781850578,142.890457131,77.4900031284,143.564064776,77.8219123252,393,62.000705719,435,412,2977,3000,3834,3859,2989.17774774,3845.39809444,8.20362003935,9.30068432405,0.269838681612,2.2300752712e-05,2.55317707719e-05,4.42259730475e-07,3.05997753143,2.85321593285,1.34221148491,0.12201384455,0.10762167722,-0.00707992073148,449511.9375,450008.375,20148.8417969,30108.7167969,2989,3845,2989,3845,0,2989.13185039,3844.88730403,2989.15,3845.01,2989.13281921,3845.26673157,5303.52006717,3742.00344794,5303.08835415,3742.28028233,5303.1885987,3742.20766178,5303.42435454,3742.10401567,393,143.48650493,77.0494594135,0.0320064864007,False,144.167110707,57.3656312235,142.875296822,77.4597254819,143.548058775,77.7933455164
449,449,R+3C20,912,FTO491,flatNominal,491,491,7.37589175164,14.3335701213,0.0,14.9764674654,0.371062129622,14.9662939938,-0.391508141366,0.21349293415,-0.733875066966,0.0779472496631,0.0451961030598,0.0114548367597,flatNominal,ApogeeBoss,3.0,19.0,168.0,58.1969,0,0,-1,0,1,0,0,0,0,1,1.08360808343,126.16153121,,,,,179.700767304,59.3160179344,179.994176082,59.9978649759,180.442017182,59.380568235,441,62.000705719,447,430,2971,2994,4166,4191,2982.19476946,4177.89956649,8.23387361751,9.09645901272,0.187771393794,1.8769013748e-05,2.12204817701e-05,-4.85810536737e-08,3.02250909805,2.8626511097,1.36548614502,0.121506720781,0.109984658659,-0.00501634459943,503408.65625,503947.46875,22454.2285156,32498.0410156,2982,4177,2982,4177,0,2982.16941683,4177.51322716,2982.19,4177.52,2982.21876735,4177.78584687,5601.58596962,3594.48155567,5601.25511289,3594.68263938,5601.25087394,3594.66720945,5601.47403736,3594.51284816,441,179.699252094,59.3413557548,0.0253830850297,False,1.21668085682,126.152890535,179.99117938,60.0238383984,180.440360037,59.4075157112
450,450,R+3C22,835,FTO493,flatNominal,493,493,7.37138139114,14.3437652074,0.0,14.9869440745,0.388940405853,14.9944970254,-0.373705926951,0.105082973008,0.136589036199,0.0965395815279,-0.173039681911,0.0195656338955,flatNominal,ApogeeBoss,3.0,21.0,212.8,58.1969,0,0,-1,0,1,0,0,0,0,1,351.220035553,121.454211473,,,,,224.726869565,56.3984803892,225.167841423,57.0071654591,225.47175741,56.3076502346,477,62.000705719,447,427,2823,2847,4506,4530,2834.41518349,4517.1325667,8.31931492097,8.90518631087,0.422144894667,1.91086808367e-05,2.07646541969e-05,3.55833261044e-07,3.02093982697,2.84577298164,1.0887157917,0.120492041111,0.112564876676,-0.0114237023517,504765.8125,505305.40625,22336.5429688,31988.8554688,2834,4517,2834,4517,0,2834.31015185,4516.51425427,2834.34,4516.71,2834.50529706,4517.05009618,5970.71050867,3568.69572368,5970.21079059,3569.07470092,5970.37103533,3568.95767233,5970.59572082,3568.65394337,477,224.760814114,56.416088239,0.038239623577,False,351.567468441,121.211836396,225.200669144,57.0255808532,225.505867253,56.3266240662
451,451,R+3C23,832,FTO494,flatNominal,494,494,7.34546372902,14.3167740153,0.0,14.965,0.376,14.9617309723,-0.3748339495,0.442187791492,1.33899253857,0.0876195153099,-0.19350858401,-1.0,flatNominal,Boss,3.0,22.0,235.2,58.1969,0,0,-1,0,1,0,0,0,0,1,27.609090507,9.57954771817,,,,,247.464756535,40.4957422376,248.164764429,40.2282317214,247.578952106,39.7585656389,506,62.000705719,400,386,2854,2878,4732,4755,2865.32506795,4742.8340972,7.7973594505,8.33055375409,0.437317128639,2.32923011503e-05,2.34937279226e-05,7.22187343993e-07,2.92850279808,2.74805092812,1.05912959576,0.128627255559,0.12039450556,-0.013504720293,418543.4375,419231.78125,19952.8007812,29626.3632812,2865,4742,2865,4742,0,2865.22074741,4742.31902167,2865.25,4742.4,2865.50823054,4742.76608664,6156.55643108,3436.94635955,6156.14792711,3437.27698031,6156.20329921,3437.21457192,6156.41144914,3436.81538549,506,247.547924778,40.5334844042,0.0913314175895,False,28.6011793946,8.4406239147,248.247244811,40.2641808212,247.660230775,39.7960175715
452,452,R+3C24,1019,FTO495,flatNominal,495,495,7.36511832808,14.3064650943,0.0,14.9613575574,0.354581515366,14.942773712,-0.396191945504,-0.333514165142,1.79909475253,0.0903571973639,-0.245562523032,0.011929822024,flatNominal,ApogeeBoss,3.0,23.0,257.6,58.1969,0,0,-1,0,1,0,0,0,0,1,347.317957878,96.6603434086,,,,,269.95695476,49.7942010883,270.637944124,50.0956404291,270.559780949,49.3487156223,516,62.000705719,431,410,2701,2725,4859,4882,2713.47516971,4869.43632327,9.79698204877,8.41104835274,0.208100843081,2.39501803959e-05,2.31440533716e-05,6.54070517274e-08,3.13489294052,2.89490509033,0.145867913961,0.102125920355,0.118953756988,-0.00505346991122,447548.8125,448094.21875,17201.3515625,23802.8515625,2714,4869,2713,4869,0,2713.34315036,4868.85796415,2713.55,4868.99,2713.49900707,4869.42615143,6339.01741825,3513.06799515,6338.5656041,3513.45243286,6338.59130843,3513.20928264,6338.99737871,3513.05156033,516,270.02025336,49.8603817308,0.0915783282243,False,347.774343361,96.521942902,270.699559291,50.1655958224,270.625542646,49.4182487242
453,453,R+2C1,1267,FTO496,flatNominal,496,496,7.37991790155,14.3214410656,0.0,14.9560626666,0.390761936085,14.9640249392,-0.365674659706,0.535468709228,0.470959623363,0.282627897839,-0.110366174393,0.015307603056,flatNominal,ApogeeBoss,2.0,0.0,-268.8,38.7979,0,0,-1,0,1,0,0,0,0,1,248.872947693,78.6749088764,,,,,-283.290149739,28.8926997157,-283.287853182,28.1474251401,-283.937349425,28.5352580311,5,62.000705719,396,374,4955,4977,896,919,4965.4935606,907.40808548,7.50234242719,8.37787653697,0.525859308722,2.39613396833e-05,2.35834651011e-05,1.56601505011e-06,2.93672227859,2.69367432594,1.13251519203,0.133880719543,0.119889445603,-0.0168067459017,410274.53125,410843.96875,19065.2734375,28071.8984375,4965,907,4965,907,0,4965.18995713,907.379958823,4965.26,907.382,4965.42722743,907.560011475,1784.68631589,3347.77189695,1784.80172972,3348.05411286,1784.77175438,3347.99321704,1784.85169814,3347.76048161,5,-283.267733816,28.8743074409,0.0289956784712,False,248.904761224,78.754899464,-283.263982973,28.1290387656,-283.914234777,28.5156035245
454,454,R+2C2,733,FTO497,flatNominal,497,497,7.39599425517,14.3154434816,0.0,14.965,0.376,14.9603544313,-0.3748339495,-0.214978897285,0.146077738555,0.20136841427,-0.20523376743,-1.0,flatNominal,Boss,2.0,1.0,-246.4,38.7979,0,0,-1,0,1,0,0,0,0,1,171.652858257,84.2128765583,,,,,-259.381952154,49.4225486315,-260.103908615,49.2174180887,-259.915179714,49.9441605486,10,62.000705719,419,398,4715,4737,990,1014,4725.86984779,1001.75075598,8.00269470308,8.64970076293,0.516765320617,2.2071498974e-05,2.33448595061e-05,1.24959619562e-06,2.98929262161,2.7778635025,1.06506276131,0.125441849232,0.116058677435,-0.014988726005,442128.96875,442723.0,19767.8515625,27371.1660156,4726,1002,4726,1002,0,4725.38367704,1001.56890257,4725.64,1001.72,4725.81034599,1001.54481325,1979.11934137,3516.63829923,1979.1828417,3517.15346946,1979.19801324,3516.85909217,1978.964234,3516.78626738,10,-259.340489982,49.3716820422,0.0656240932458,False,171.243473834,84.798946241,-260.061810442,49.1643261526,-259.875323519,49.8916471469
455,455,R+2C3,552,FTO498,flatNominal,498,498,7.38784393067,14.3194585694,0.0,14.9757016209,0.36029664993,14.9505091772,-0.387081753366,-1.40711755919,-0.0805986916995,0.209975174566,-0.216203676624,0.0169667351143,flatNominal,ApogeeBoss,2.0,2.0,-224.0,38.7979,0,0,-1,0,1,0,0,0,0,1,248.366718292,75.7294249535,,,,,-239.710332767,30.1025134601,-239.822585151,29.3623323871,-240.401081903,29.8362001386,34,62.000705719,432,409,4783,4805,1204,1228,4793.16472684,1216.18723908,7.72050373918,9.0573894898,0.449692652178,2.15690955339e-05,2.41203394856e-05,8.11169298552e-07,3.03225588799,2.75378227234,1.2746963501,0.129900887609,0.11072730273,-0.0128989648074,454113.34375,454721.71875,21126.0371094,31133.2246094,4793,1216,4793,1216,0,4792.8712337,1216.04040743,4792.96,1216.12,4793.10898553,1216.15838114,2138.15563984,3357.83319288,2138.1611209,3358.16132046,2138.18885354,3358.04790173,2138.15581969,3357.89596103,34,-239.702602033,30.087109992,0.0172345898087,False,248.427165683,75.7232349693,-239.814153437,29.3468229512,-240.393098667,29.820142671
456,456,R+2C4,1342,FTO499,flatNominal,499,499,7.3998656263,14.3142113962,0.0,14.965,0.376,14.9590797426,-0.3748339495,0.0222597311977,-0.220219637012,0.198451386365,-0.294313159546,-1.0,flatNominal,Boss,2.0,3.0,-201.6,38.7979,0,0,-1,0,1,0,0,0,0,1,256.776130199,149.923049212,,,,,-198.715246924,30.4363849064,-197.9843565,30.2611679132,-198.505479382,29.7205963537,61,62.000705719,437,421,4625,4647,1499,1524,4635.87514662,1511.92084626,7.78815327643,9.18330902634,0.456482982238,2.03738423044e-05,2.47117845165e-05,1.37194408934e-06,3.05276799202,2.76623749733,1.28107130527,0.128775328398,0.109211400151,-0.012802301906,463290.78125,463951.53125,20808.2890625,29397.0996094,4636,1512,4636,1512,0,4635.49022256,1511.69891961,4635.7,1511.82,4635.88023783,1511.97679863,2473.10456161,3360.5896868,2473.08572208,3361.03360464,2473.09425676,3360.79346086,2473.15182239,3360.55930578,61,-198.719807592,30.4269859637,0.0104470001008,False,256.824627239,149.856337844,-197.988972906,30.2515366293,-198.510267609,29.7111307621
457,457,R+2C5,1323,FTO500,flatNominal,500,500,7.37400046586,14.3107263395,0.0,14.9609727674,0.380296001803,14.9594292737,-0.377461184827,0.952739890258,-0.0519400472654,0.17515776753,-0.401567224376,0.0130788807008,flatNominal,ApogeeBoss,2.0,4.0,-179.2,38.7979,0,0,-1,0,1,0,0,0,0,1,357.622961998,93.3705496788,,,,,-165.481950782,31.7240747036,-164.844630758,32.1256573882,-164.821125024,31.3682632921,87,62.000705719,439,419,4489,4512,1737,1761,4500.21311618,1748.88499723,7.85470097293,9.28271579374,0.414126726533,2.10650732713e-05,2.2949057705e-05,3.43384028554e-07,3.0649831295,2.78267765045,1.30800318718,0.127612456679,0.107981078327,-0.0113862641156,470150.0625,470757.59375,21222.6796875,30670.6171875,4500,1749,4500,1749,0,4499.99719135,1748.61776152,4500.07,1748.75,4500.22428899,1748.96797356,2745.94276244,3371.33731546,2745.80561862,3371.65232345,2745.89290908,3371.52710584,2746.01117456,3371.28904867,87,-165.507715029,31.7408971049,0.0307699462752,False,357.426927018,93.6312894742,-164.870848923,32.1431992664,-164.84648787,31.3858321987
458,458,R+2C6,1026,FTO501,flatNominal,501,501,7.36346377902,14.3096440969,0.0,14.965,0.376,14.9543545145,-0.3748339495,-0.154460647335,-0.139113164659,0.205348546575,-0.00450721424273,-1.0,flatNominal,Boss,2.0,5.0,-156.8,38.7979,0,0,-1,0,1,0,0,0,0,1,357.982184887,54.4806003571,,,,,-145.781491568,22.4578228484,-145.033262066,22.3528467922,-145.502180304,21.7663481708,109,62.000705719,432,416,4483,4505,1916,1941,4493.42293149,1928.25543431,7.7525260697,9.53785233247,0.462678045762,2.27991986965e-05,2.63918793385e-05,8.22136727298e-07,3.10654687881,2.76400876045,1.33170151711,0.129364743829,0.105149827898,-0.0125508811325,438461.40625,439048.4375,19819.0390625,29640.2910156,4493,1928,4493,1928,0,4493.21414456,1927.97013673,4493.26,1928.07,4493.45706784,1928.36259703,2908.13426542,3294.43623183,2907.97780587,3294.75326037,2908.04242992,3294.66316378,2908.21350831,3294.35642141,109,-145.797060543,22.4696375185,0.0195442931722,False,357.795309056,54.7225364619,-145.048730506,22.3653805466,-145.517084912,21.7784315735
459,459,R+2C7,1200,FTO502,flatNominal,502,502,7.32366187934,14.2958303263,0.0,14.9318303184,0.38633521052,14.9558000791,-0.355932827417,1.09060995699,-0.2654471562,0.148007821508,-0.30113576472,0.0167863732935,flatNominal,ApogeeBoss,2.0,6.0,-134.4,38.7979,0,0,-1,0,1,0,0,0,0,1,194.812059402,84.099381566,,,,,-150.797756458,43.2755693606,-151.359258619,42.7872393405,-151.508414789,43.5147617295,95,62.000705719,440,416,4348,4371,1801,1826,4359.45899082,1812.465213,8.16042413058,9.43182712126,0.392813830589,2.3026328307e-05,2.51404198864e-05,6.0378592488e-07,3.0892393589,2.83704972267,1.29404973984,0.12278881669,0.106236979365,-0.0102277416736,449905.75,450414.3125,19504.609375,28771.859375,4359,1812,4359,1812,0,4359.28982446,1812.24829939,4359.32,1812.31,4359.55726995,1812.56354758,2867.39096968,3466.75482224,2867.27683156,3467.0051046,2867.31881798,3466.94993356,2867.43273153,3466.62221597,95,-150.795225916,43.2811058523,0.00608739558831,False,194.78507244,84.1076955937,-151.356887195,42.792958854,-151.505806255,43.5205298149
460,460,R+2C8,1032,FTO503,flatNominal,503,503,7.40457556561,14.3278323962,0.0,14.965,0.376,14.9731717317,-0.3748339495,-0.236914011761,0.102700234653,0.231945750951,-0.0817743703515,-1.0,flatNominal,Boss,2.0,7.0,-112.0,38.7979,0,0,-1,0,1,0,0,0,0,1,61.4105540514,113.266586065,,,,,-104.232160757,49.2586826598,-104.545862003,49.9287200345,-103.797653906,49.8654504445,134,62.000705719,461,444,4126,4149,2118,2144,4137.63779482,2130.28763363,7.78476109051,10.1281364961,0.297659614403,1.68167425959e-05,2.21478635791e-05,2.90034803436e-07,3.18831539154,2.78344082832,1.44640600681,0.128600612283,0.0988459214568,-0.00755898328498,526552.125,527184.3125,22251.0957031,31130.40625,4138,2130,4137,2130,0,4137.28044105,2129.92260073,4137.57,2130.06,4137.94887462,2130.36108281,3251.7592821,3516.52162295,3251.60080092,3517.00725084,3251.590686,3516.68892739,3251.68060066,3516.21182518,134,-104.261840513,49.3136698983,0.0624858730084,False,61.84840669,113.05675542,-104.578205839,49.9824535225,-103.829751872,49.9221620953
461,461,R+2C9,789,FTO504,flatNominal,504,504,7.37415609327,14.3234730172,0.0,14.9603589149,0.377927288175,14.9686616135,-0.3748339495,-0.108718733874,0.0231890305006,0.17640673268,-0.10769789048,0.0154013108705,flatNominal,ApogeeBoss,2.0,8.0,-89.6,38.7979,0,0,-1,0,1,0,0,0,0,1,279.022736549,81.4917165041,,,,,-96.8855625139,23.1557806859,-96.5028780528,22.5217418188,-97.255556043,22.507804141,158,62.000705719,426,410,4291,4313,2274,2297,4301.82310159,2284.49867392,8.20185522302,9.55932758946,0.306141236661,2.44953713244e-05,2.82541961396e-05,2.31513938076e-07,3.10244655609,2.85236883163,1.35893464088,0.122069552541,0.104735068977,-0.00781865138561,417833.875,418389.9375,17437.6757812,23687.1132812,4302,2284,4302,2284,0,4301.42814463,2284.10121158,4301.67,2284.21,4301.96934102,2284.49803715,3312.60012074,3299.64319557,3312.4302673,3300.17715917,3312.41097348,3299.91125123,3312.53195029,3299.51381564,158,-96.8451577807,23.1593749183,0.0405642819039,False,278.997337788,81.6807693784,-96.460663876,22.5264316989,-97.2132989857,22.5103442044
462,462,R+2C11,599,FTO506,flatNominal,506,506,7.38521022042,14.3074465283,0.0,14.9583224336,0.362143621394,14.9492662028,-0.376069898884,1.08154288691,4.61449501918,0.15049801735,-0.216620131138,0.0219987859724,flatNominal,ApogeeBoss,2.0,10.0,-44.8,38.7979,0,0,-1,0,1,0,0,0,0,1,121.869932413,145.964291096,,,,,-53.0997543185,41.7834375787,-53.7270958824,41.3819030111,-53.7635128561,42.1192733529,193,62.000705719,458,440,3987,4010,2521,2548,3997.43019654,2535.20267326,9.22747393211,11.7790118343,-0.376405030975,2.65300938083e-05,3.82675094268e-05,-1.06114594565e-06,3.43996810913,3.02871346474,-1.4273455143,0.108513474464,0.0850075781345,0.00693521974608,410054.375,410666.65625,14126.4667969,18661.9667969,3997,2535,3997,2535,0,3997.29936647,2534.55072889,3997.32,2534.9,3997.75644964,2534.9975323,3675.62529939,3453.65701183,3675.10768548,3454.0744131,3675.4090352,3453.89395775,3675.29257027,3453.46255043,193,-53.052914269,41.7885761652,0.047121070768,False,121.12202604,146.365713026,-53.6826725449,41.3908426356,-53.7146297845,42.1284197175
463,463,R+2C13,986,FTO508,flatNominal,508,508,7.3784610757,14.3561634361,0.0,14.965,0.376,15.0024824068,-0.3748339495,0.106052188192,0.698045831909,0.159596240849,-0.225809274156,-1.0,flatNominal,Boss,2.0,12.0,0.0,38.7979,0,0,-1,0,1,0,0,0,0,1,214.373238087,20.7122097909,,,,,-16.2891182176,52.7713908776,-17.0040664052,52.8015081597,-16.6140400403,53.4441869171,227,62.000705719,443,425,3766,3787,2749,2777,3776.27967179,2764.19366708,6.79910110277,17.0020404613,-0.0670866193259,2.45526045782e-05,5.21531035428e-05,1.65746287213e-08,4.12340641022,2.60742402077,-1.56422150135,0.147083997726,0.0588187612593,0.00116072746459,372774.375,373437.53125,12749.7070312,18677.3828125,3776,2764,3776,2763,0,3776.14786854,2763.27946141,3776.21,2763.97,3776.30612015,2763.86915057,3980.91442682,3543.89546547,3980.16470891,3544.43497186,3980.74835383,3544.05763515,3980.61444263,3544.02203549,227,-16.2460452143,52.715710804,0.0703956974712,False,213.016292401,22.802971288,-16.9613204819,52.736669166,-16.5795569895,53.384290341
464,464,R+2C15,693,FTO510,flatNominal,510,510,7.34148609356,14.3698746349,0.0,15.0212566328,0.371516739278,15.0066751213,-0.382112845155,1.08188834381,-0.399217584201,0.152545787139,-0.317389630808,0.0182449491309,flatNominal,ApogeeBoss,2.0,14.0,44.8,38.7979,0,0,-1,0,1,0,0,0,0,1,173.519010544,6.05658754706,,,,,45.1086165484,60.3239980151,44.7341673967,60.9736987367,45.4878550527,60.962514454,298,62.000705719,439,418,3474,3497,3175,3204,3485.26653091,3186.65908919,7.9662729242,12.8236299659,0.428325335406,2.7356775769e-05,4.38796022467e-05,1.26161828405e-06,3.5862390995,2.81581115723,1.48351311684,0.125755056739,0.0781213343143,-0.00840075407177,382543.78125,383214.46875,15430.0234375,22794.3984375,3485,3187,3485,3187,0,3485.13267348,3186.63216318,3485.17,3186.47,3485.40883973,3187.08115029,4490.0595242,3606.64059164,4490.09752988,3606.77173428,4489.93726333,3606.80777615,4490.36798806,3606.31928582,298,45.1498341567,60.4005899951,0.0869782883211,False,177.16142523,0.399217584201,44.7968016629,61.0089758061,45.5496300581,60.971298513
465,465,R+2C17,450,FTO512,flatNominal,512,512,7.38614212075,14.3495506573,0.0,14.984205921,0.394134351247,15.009272793,-0.353796945946,-0.204001506926,0.372316420234,0.0920151285734,-0.153878493044,0.0168470056326,flatNominal,ApogeeBoss,2.0,16.0,89.6,38.7979,0,0,-1,0,1,0,0,0,0,1,297.774167061,73.3538138866,,,,,85.7095443689,21.215761878,86.2203613,20.6706057046,85.4918296011,20.4995176074,359,62.000705719,417,398,3608,3630,3624,3648,3618.72412755,3635.05114302,7.72666843079,8.88154024259,0.214369486066,1.95991313686e-05,2.23810003893e-05,-3.13002092588e-07,2.98664498329,2.77275323868,1.39305961132,0.12950861454,0.112668529153,-0.0062517747283,459513.34375,460114.25,20005.0332031,27754.6582031,3619,3635,3619,3635,0,3618.38810353,3634.48320248,3618.64,3634.71,3618.89080503,3634.85922223,4825.96359681,3281.01071273,4825.61533149,3281.57123022,4825.69920198,3281.24740527,4825.71636143,3280.95163955,359,85.7283430918,21.2191622521,0.0191037830143,False,297.777079616,73.4267473327,86.2398812324,20.6746827564,85.5115766517,20.5026304066
466,466,R+2C18,709,FTO513,flatNominal,513,513,7.34570019509,14.3461922287,0.0,14.965,0.376,14.9921664134,-0.3748339495,0.142585616945,0.320761369357,0.117431390186,-0.163453466801,-1.0,flatNominal,Boss,2.0,17.0,112.0,38.7979,0,0,-1,0,1,0,0,0,0,1,65.4872488976,118.98851037,,,,,117.292571614,49.9423325151,116.864690334,50.5264700572,117.610397315,50.618180102,385,62.000705719,437,414,3276,3298,3746,3770,3287.23036283,3757.07221783,8.30777093757,9.31173707294,0.258117885802,2.21847139569e-05,2.49789984581e-05,2.34851333588e-08,3.06173324585,2.87146258354,1.33332622051,0.120472989976,0.107483915985,-0.00667893281206,452402.875,452970.25,19553.8125,27972.8144531,3287,3757,3287,3757,0,3287.16525081,3756.51226365,3287.21,3756.72,3287.32643601,3756.97397867,5087.41088014,3518.54508241,5086.9444552,3518.86168314,5087.10604645,3518.72233524,5087.27935474,3518.50530732,385,117.305289983,49.952891672,0.0165303571209,False,65.5715411544,118.871081616,116.877746605,50.5372765777,117.623506501,50.6285553343
467,467,R+2C19,765,FTO514,flatNominal,514,514,7.46359381051,14.3344438186,0.0,14.983441408,0.373735941234,14.989801702,-0.367228420139,-0.0732973620182,-2.06987937098,0.112835669654,-0.00558948927937,0.0143104918848,flatNominal,ApogeeBoss,2.0,18.0,134.4,38.7979,0,0,-1,0,1,0,0,0,0,1,90.3133034706,63.404481411,,,,,148.681334743,51.3225788152,148.661589202,52.0712353041,149.316248788,51.7241193789,409,62.000705719,434,412,3147,3170,3970,3994,3158.16524099,3981.82778843,8.40616465126,9.06966003921,0.260800526384,2.09906162026e-05,2.23493600985e-05,8.46644148781e-07,3.02653264999,2.88373446465,1.23767971992,0.119066536427,0.110356166959,-0.00684758089483,468887.46875,469407.78125,20665.4765625,29931.9765625,3158,3981,3158,3981,0,3158.08592038,3981.41257337,3158.11,3981.44,3158.25547419,3981.70554745,5346.37369509,3529.08703042,5346.04218264,3529.34931805,5346.05735994,3529.30972331,5346.22358645,3529.06352973,409,148.684958969,51.3269870879,0.00570682753244,False,90.3623320519,63.338845301,148.665430432,52.0756492687,149.319989376,51.7283436011
468,468,R+2C20,936,FTO515,flatNominal,515,515,7.43199234024,14.360002882,0.0,14.965,0.376,15.0064546136,-0.3748339495,1.23545884313,-0.154548722991,0.144871213702,-0.291026085267,-1.0,flatNominal,Boss,2.0,19.0,156.8,38.7979,0,0,-1,0,1,0,0,0,0,1,13.408896625,13.4012295306,,,,,165.105406533,18.7705459941,165.720742469,18.4117156735,165.076518391,18.0238427021,446,62.000705719,437,412,3323,3346,4216,4240,3334.31285187,4227.01571576,8.2654904279,8.90927903025,0.0994388460857,2.08244402172e-05,2.2089752623e-05,-4.74046191412e-07,2.9873547554,2.87236499786,1.42098736763,0.121001206338,0.112257599831,-0.0027010536287,475430.59375,475927.96875,20629.03125,29299.78125,3334,4226,3334,4226,0,3334.2185674,4226.67401448,3334.25,4226.62,3334.38265083,4226.9050027,5482.35598847,3259.54312599,5482.09658033,3259.78469739,5482.03819078,3259.78189353,5482.22554859,3259.53241557,446,165.217682919,18.8025672307,0.116753357325,False,14.2501011923,12.5912347724,165.833214223,18.4440721454,165.189201521,18.0558483137
469,469,R+2C21,921,FTO516,flatNominal,516,516,7.377914451,14.3803155832,0.0,15.0067865897,0.410404205592,15.0418953279,-0.34945918991,0.568582597792,0.932340487314,0.0845882343285,0.0391174471246,0.0225833020786,flatNominal,ApogeeBoss,2.0,20.0,179.2,38.7979,0,0,-1,0,1,0,0,0,0,1,175.964198112,98.1367385387,,,,,165.37367648,44.6739839785,164.790259044,44.2043866734,164.681143757,44.9571939911,434,62.000705719,446,428,3133,3156,4118,4143,3144.05690468,4129.36906495,8.54447821323,9.04852764274,0.2630584021,2.01607194433e-05,2.1282908033e-05,2.4320661614e-07,3.02668213844,2.90382528305,1.16738831997,0.117139488459,0.110614217818,-0.00681094825268,493242.96875,493844.96875,22601.1425781,33575.0195312,3144,4129,3144,4129,0,3143.96208705,4128.83032149,3144.01,4128.96,3144.02832133,4129.28515948,5483.72460087,3473.38961475,5483.29071677,3473.7227506,5483.38852391,3473.61936618,5483.66341365,3473.45374946,434,165.362946623,44.6487723073,0.0273999669497,False,176.067702338,98.1373559197,164.780383532,44.1781155542,164.669900376,44.9307233375
470,470,R+2C22,762,FTO517,flatNominal,517,517,7.37823468415,14.3272856285,0.0,14.965,0.376,14.9726060578,-0.3748339495,-0.454638657516,6.84506747394,0.109612315429,-0.166203572598,-1.0,flatNominal,Boss,2.0,21.0,201.6,38.7979,0,0,-1,0,1,0,0,0,0,1,9.12331603467,110.170276165,,,,,214.183130781,39.751655237,214.481785548,40.4290479956,214.925936028,39.8236226712,475,62.000705719,433,414,2984,3007,4493,4517,2995.64605353,4503.76827304,8.23714969995,8.87810392987,0.164861053706,2.03732136098e-05,2.22907908031e-05,-1.66947775026e-07,2.98630571365,2.86308073997,1.33323633671,0.121446356177,0.112678542733,-0.00451037148014,473103.71875,473716.5625,21213.0976562,29413.8476562,2996,4503,2996,4503,0,2995.50590801,4503.21346798,2995.67,4503.32,2995.61239065,4503.78421887,5884.32376213,3431.90636802,5883.89659067,3432.2871225,5883.91863288,3432.09617166,5884.3534639,3431.92884609,475,214.174935663,39.7883948204,0.0376424886362,False,9.25256462022,110.209649869,214.471595563,40.4666635894,214.917525892,39.8625480261
471,471,R+2C23,1301,FTO518,flatNominal,518,518,7.35074974666,14.3029038213,0.0,14.9499338411,0.35878177876,14.9630649451,-0.388657361673,0.309778702278,0.247960661222,0.103829392416,-0.22502371553,0.0159995282939,flatNominal,ApogeeBoss,2.0,22.0,224.0,38.7979,0,0,-1,0,1,0,0,0,0,1,15.6924408674,115.198795795,,,,,236.522068587,41.0960023577,236.769550426,41.7932289713,237.274162228,41.2416814901,493,62.000705719,406,390,2890,2914,4650,4673,2901.96960025,4660.79348938,7.76382560028,8.46502404698,0.423275484837,2.14137694202e-05,2.28778045836e-05,4.90330422475e-07,2.94347500801,2.75041913986,1.13127851486,0.12915456295,0.118456080556,-0.0129161980003,434999.5625,435662.96875,20768.0683594,30080.5039062,2902,4660,2902,4660,0,2901.87023173,4660.22537707,2901.93,4660.34,2902.08666413,4660.74504334,6066.86829365,3442.37969019,6066.41047129,3442.73043851,6066.48378813,3442.62874309,6066.77121719,3442.29828298,493,236.531563824,41.1472237727,0.05209407714,False,16.0468345462,115.050770229,236.776532791,41.8453372426,237.28312788,41.2956108474
472,472,R+2C24,951,FTO519,flatNominal,519,519,7.4183211622,14.3112021656,0.0,14.965,0.376,14.9559664584,-0.3748339495,0.085787612783,0.144201718493,0.0905830579489,-0.22124227908,-1.0,flatNominal,Boss,2.0,23.0,246.4,38.7979,0,0,-1,0,1,0,0,0,0,1,289.487857819,42.1985828876,,,,,232.452003226,23.5958158869,232.475952547,22.8419896215,231.817772983,23.2034213388,498,62.000705719,417,400,3034,3057,4688,4711,3045.64103847,4698.35233266,8.11561112865,8.37587917562,0.378412637723,1.97200178305e-05,2.1244444554e-05,4.84727951151e-07,2.94039273262,2.80099654198,0.95101082325,0.123479433358,0.119642488658,-0.0111573189497,465960.28125,466537.75,21365.2519531,30398.9414062,3046,4698,3046,4698,0,3045.40696254,4697.73282678,3045.61,4697.89,3045.69152794,4698.34006909,6033.75406071,3297.61921061,6033.31294094,3298.11316652,6033.35400228,3297.85798313,6033.71984523,3297.58010968,498,232.472197714,23.5836845691,0.0235581452653,False,289.501774223,42.2735289065,232.497316146,22.8298963544,231.838576814,23.1903068391
473,473,R+2C25,375,FTO520,flatNominal,520,520,7.41116344547,14.3204432806,0.0,14.968185507,0.376337423461,14.9627482829,-0.387179313264,0.361928684757,-0.00544921556632,0.137468759292,-0.421965018934,0.0220068576838,flatNominal,ApogeeBoss,2.0,24.0,268.8,38.7979,0,0,-1,0,1,0,0,0,0,1,352.428402901,40.0003865361,,,,,275.202335759,19.2685834073,275.869472117,18.9278064601,275.224634914,18.5189393022,536,62.000705719,424,404,2905,2929,5013,5037,2917.13253062,5023.72058219,8.01395051818,8.39509018618,0.256390943959,2.06671190447e-05,2.0966050416e-05,-4.63973667207e-08,2.91958522797,2.80803537369,1.10499083996,0.124904446304,0.119233742356,-0.00762930884957,470164.1875,470702.75,23156.7871094,34643.0976562,2917,5023,2917,5023,0,2917.08041349,5023.11843276,2917.13,5023.25,2917.47374084,5023.63638859,6381.67543509,3261.15482201,6381.16558703,3261.47940649,6381.2566136,3261.37891427,6381.44303855,3260.89118434,536,275.279140436,19.2824310115,0.0780430305101,False,352.790540744,39.7826349659,275.947133438,18.9433363388,275.303328634,18.5328454809
474,474,R+1C1,550,FTO521,flatNominal,521,521,7.35455336864,14.3403670167,0.0,14.983445269,0.374475271144,14.989080375,-0.378830874754,0.3963754324,1.62874727738,0.251804771585,-0.16076041926,0.0195812479786,flatNominal,ApogeeBoss,1.0,0.0,-280.0,19.399,0,0,-1,0,1,0,0,0,0,1,283.045020103,65.2883309126,,,,,-289.71563158,3.29981639852,-289.454150689,2.60310332206,-290.197760103,2.72371402926,7,62.000705719,410,390,5166,5187,946,969,5176.37290304,957.617805229,7.44842360189,8.84457334183,0.572618914395,2.0172264988e-05,2.32368060655e-05,1.07921855999e-06,3.0082192421,2.69139623642,1.2273029089,0.134928166866,0.113629244268,-0.0174711477011,443744.0625,444332.875,19960.8554688,28344.5429688,5176,958,5176,958,0,5176.06511105,957.404748101,5176.14,957.574,5176.34509166,957.592904429,1731.72004332,3137.5679793,1731.67341082,3137.93940178,1731.78750258,3137.79310757,1731.7108202,3137.60415189,7,-289.753058899,3.31826638819,0.0417277641383,False,282.944465445,65.2492908248,-289.493276245,2.62091831131,-290.236589599,2.74334037976
475,475,R+1C2,597,FTO522,flatNominal,522,522,7.4089782706,14.3377401012,0.0,14.965,0.376,14.9834220269,-0.3748339495,-0.521078111054,0.0121637824992,0.215312557353,-0.234548436897,-1.0,flatNominal,Boss,1.0,1.0,-257.6,19.399,0,0,-1,0,1,0,0,0,0,1,129.499744177,109.824389219,,,,,-264.340918071,31.2682430666,-265.072232782,31.2713694205,-264.699211201,31.9232481598,13,62.000705719,421,395,4867,4889,1023,1046,4877.57482966,1034.27586296,7.59002299503,8.74179158266,0.498646843039,2.09028490167e-05,2.28831435125e-05,2.08469605175e-07,2.98792171478,2.7210547924,1.21397566795,0.132247507572,0.114823326468,-0.0150872506201,451784.28125,452285.09375,21200.9335938,31752.2460938,4877,1034,4877,1034,0,4877.30104989,1034.1718498,4877.35,1034.22,4877.53482734,1034.05682324,1937.82769373,3367.08134037,1937.86202967,3367.37219281,1937.88470351,3367.30340649,1937.6519584,3367.21807251,13,-264.354585367,31.2140016823,0.0559367746368,False,129.365561435,110.148683048,-265.085906426,31.2147014741,-264.71504987,31.8678143323
476,476,R+1C3,533,FTO523,flatNominal,523,523,7.37213235676,14.3535818629,0.0,14.9857400879,0.390050314371,15.0147017724,-0.34950444749,-1.00792794338,3.2818387894,0.195041027592,-0.23323140653,0.0130447603045,flatNominal,ApogeeBoss,1.0,2.0,-235.2,19.399,0,0,-1,0,1,0,0,0,0,1,174.883836508,120.476857424,,,,,-247.362933377,19.8763809231,-247.742059768,19.2376114428,-248.110746172,19.8793671288,31,62.000705719,414,398,4886,4908,1187,1212,4896.84461058,1199.71931293,7.65794021538,9.1874891428,0.516133512366,2.38574833705e-05,2.68046988204e-05,1.47803546286e-06,3.05701804161,2.73862552643,1.27396154404,0.131079718471,0.109257347882,-0.0147275580093,415003.53125,415605.21875,17721.2128906,24331.6503906,4897,1200,4897,1200,0,4896.36590509,1199.45887373,4896.62,1199.64,4896.80094923,1199.67364363,2075.62237435,3273.5105886,2075.61273946,3274.05546903,2075.65829337,3273.74283066,2075.60206264,3273.57041696,31,-247.350810532,19.8618290255,0.0189399339457,False,174.846608282,120.577361537,-247.729231252,19.222641238,-248.098626169,19.8639893655
477,477,R+1C4,1260,FTO524,flatNominal,524,524,7.384370272,14.3439980212,0.0,14.965,0.376,14.9898963343,-0.3748339495,0.602172369294,-0.00469035455122,0.187276449436,-0.16408159541,-1.0,flatNominal,Boss,1.0,3.0,-212.8,19.399,0,0,-1,0,1,0,0,0,0,1,220.534229279,103.548266888,,,,,-226.114797155,13.0694506899,-226.16703318,12.3453713742,-226.794058973,12.7591467997,51,62.000705719,425,406,4856,4879,1367,1391,4866.99671554,1379.32095539,7.73806719325,8.70853689179,0.496570804776,2.20063289542e-05,2.33031362034e-05,9.31090533529e-07,2.98623347282,2.74390482903,1.17232453823,0.129705861211,0.115251578391,-0.0147919543087,449088.40625,449671.96875,21083.1816406,30006.8691406,4867,1379,4867,1379,0,4866.6390726,1379.19431579,4866.79,1379.25,4866.96029464,1379.32783771,2248.67836519,3216.94849132,2248.73140723,3217.32416752,2248.70597662,3217.16497163,2248.70130514,3216.97760502,51,-226.098479002,13.0195496976,0.0525013445636,False,220.784443916,103.496366958,-226.148208503,12.2952939179,-226.776662714,12.7068965795
478,478,R+1C5,1201,FTO525,flatNominal,525,525,7.37732640171,14.3212186852,0.0,14.9714130278,0.364058940618,14.9824427558,-0.37403315009,-0.0793124608398,9.54013382902,0.168133491983,-0.359541813302,0.0111434626557,flatNominal,ApogeeBoss,1.0,4.0,-190.4,19.399,0,0,-1,0,1,0,0,0,0,1,245.197377205,143.456726074,,,,,-188.612439533,11.067308863,-187.924680826,10.7804647314,-188.498584691,10.3162062443,75,62.000705719,433,408,4729,4752,1647,1671,4740.06193536,1659.02217646,7.82122408013,9.25082145611,0.318630646129,2.15721571558e-05,2.46237228191e-05,-1.0031504712e-07,3.05264186859,2.78449678421,1.36113405228,0.128036886454,0.108250401914,-0.00882007647306,453016.5,453478.71875,20746.3945312,30168.0820312,4740,1659,4740,1659,0,4739.71839685,1658.81656273,4739.86,1658.91,4740.0385927,1659.09369414,2555.3780706,3200.20029185,2555.35456382,3200.59997066,2555.37471065,3200.43378376,2555.45227839,3200.18792811,75,-188.635758519,11.0349391341,0.0398945416758,False,245.38635975,143.201072504,-187.948334057,10.7472949009,-188.522777758,10.2837045391
479,479,R+1C6,469,FTO526,flatNominal,526,526,7.37224494767,14.3321789152,0.0,14.965,0.376,14.9776685453,-0.3748339495,-0.431467055998,-4.07577907485,0.148630577633,-0.226778547267,-1.0,flatNominal,Boss,1.0,5.0,-168.0,19.399,0,0,-1,0,1,0,0,0,0,1,318.00164938,158.838969469,,,,,-159.943632152,19.2550398341,-159.501158018,19.8433043717,-159.204126615,19.1536055553,100,62.000705719,446,427,4560,4582,1824,1850,4570.7345623,1836.87012511,7.78190899853,9.60734611518,0.345041032049,1.97407672744e-05,2.50480837755e-05,5.29368896428e-07,3.10972476006,2.77828502655,1.39008116722,0.128708124161,0.104253031313,-0.00924492254853,475564.40625,476163.0,20463.9550781,28290.1445312,4571,1837,4571,1837,0,4570.33206793,1836.57770201,4570.58,1836.72,4570.72133675,1836.94607479,2791.35972811,3268.1290003,2791.28650021,3268.62108836,2791.29500309,3268.3325581,2791.43318877,3268.10561655,100,-159.958858304,19.2742791797,0.0245354457207,False,317.877956465,158.999354288,-159.516760982,19.8628269546,-159.21928796,19.173318497
480,480,R+1C7,875,FTO527,flatNominal,527,527,7.40670278979,14.2924722295,0.0,14.9486104511,0.364872543302,14.9263231506,-0.403509079674,-0.475140916358,0.288374753543,0.197456146983,-0.101374807857,0.0128794713462,flatNominal,ApogeeBoss,1.0,6.0,-145.6,19.399,0,0,-1,0,1,0,0,0,0,1,36.9494703412,107.212314606,,,,,-132.892422179,24.8048306915,-132.801616954,25.5500848427,-132.193288147,25.0801453731,123,62.000705719,438,422,4416,4439,2002,2026,4427.0053104,2013.52594644,8.02402782993,9.40786663261,0.303972818179,2.2015855933e-05,2.48323022334e-05,4.84463636227e-07,3.0776116848,2.821382761,1.36382853985,0.124778419733,0.106424286962,-0.00806330516934,454805.0625,455486.71875,20079.6582031,28345.4726562,4427,2013,4427,2013,0,4426.74138996,2013.29577191,4426.84,2013.34,4427.08986476,2013.64377889,3014.4504032,3313.91030376,3014.36831065,3314.25073749,3014.35891603,3314.14240208,3014.51579921,3313.78085381,123,-132.914604321,24.8351784521,0.0375903447367,False,37.0431479529,107.276668042,-132.825854971,25.5806802237,-132.216232311,25.1124204089
481,481,R+1C8,310,FTO528,flatNominal,528,528,7.34276703517,14.3114159249,0.0,14.965,0.376,14.9561876091,-0.3748339495,-0.829191922112,0.213615666538,0.230835217492,-0.263115310021,-1.0,flatNominal,Boss,1.0,7.0,-123.2,19.399,0,0,-1,0,1,0,0,0,0,1,280.549385548,137.976104021,,,,,-118.575639959,10.3254673026,-117.822163725,10.2968018619,-118.228511744,9.66536654021,141,62.000705719,457,430,4468,4492,2162,2187,4479.19876698,2173.96395207,8.01002659817,9.67318465603,0.376511894545,2.1422019455e-05,2.49263176556e-05,7.45859818127e-07,3.12321138382,2.8158056736,1.35821986198,0.125072360039,0.103568054736,-0.00973644852638,477675.25,478215.5,21218.2128906,30721.9609375,4479,2174,4479,2174,0,4478.985025,2173.58216282,4479.04,2173.74,4479.25591235,2174.04523046,3132.58616433,3193.45926597,3132.34643379,3193.82529594,3132.46152622,3193.69884537,3132.63181795,3193.37101906,141,-118.581788299,10.3145069747,0.0125670547018,False,280.55662608,137.921380063,-117.828336079,10.2852171065,-118.235207256,9.6541187593
482,482,R+1C9,1272,FTO529,flatNominal,529,529,7.37145701842,14.3526053348,0.0,15.0070269475,0.366247871558,15.0021501652,-0.388477153866,0.00248822176652,-0.0134826249225,0.196766384073,-0.279737520765,0.00993718575037,flatNominal,ApogeeBoss,1.0,8.0,-100.8,19.399,0,0,-1,0,1,0,0,0,0,1,195.92189312,114.965722561,,,,,-113.954532782,16.8979991898,-114.209669968,16.1927969727,-114.699899,16.7666516085,142,62.000705719,427,406,4403,4425,2171,2196,4413.31861967,2182.90879559,7.78623021598,9.60518716802,0.306635267486,2.13682160427e-05,2.60167536973e-05,3.33732156508e-07,3.1073281765,2.7813539505,1.40820324421,0.12859351933,0.104241468012,-0.0082104196772,442161.0625,442720.21875,18995.5566406,27192.3691406,4413,2183,4413,2183,0,4413.08366286,2182.48153075,4413.16,2182.66,4413.3953018,2182.99105367,3170.97387478,3247.74174677,3170.70362737,3248.14761163,3170.8295265,3247.99901299,3171.01136537,3247.63572321,142,-113.952499348,16.8736194798,0.0244643640949,False,196.045637919,114.947628153,-114.206335745,16.1679480024,-114.697622101,16.7408977067
483,483,R+1C10,1222,FTO530,flatNominal,530,530,7.41311163416,14.2670024831,0.0,14.965,0.376,14.9102384323,-0.3748339495,0.208171111949,0.0769786465644,0.246074988617,-0.319588215161,-1.0,flatNominal,Boss,1.0,9.0,-78.4,19.399,0,0,-1,0,1,0,0,0,0,1,201.282963753,138.841824532,,,,,-86.2189925611,12.6094686676,-86.0987873922,11.8258059526,-86.787798881,12.129143417,174,62.000705719,448,428,4327,4350,2389,2416,4338.98536644,2403.00142657,8.18640197698,10.7644592884,0.317841529838,2.2159479406e-05,2.85161103091e-05,1.41055228995e-06,3.28680181503,2.85443425179,1.44992029667,0.12229398638,0.0930049270391,-0.00722193391994,453382.25,454122.75,18678.3789062,25619.6914062,4339,2403,4339,2403,0,4338.75271265,2402.37545877,4338.85,2402.65,4339.091623,2402.87186338,3400.49965212,3211.90717847,3400.05214495,3212.40286063,3400.24769399,3212.19273759,3400.33564316,3211.87285448,174,-86.2105059479,12.5933779743,0.0181915643557,False,201.427897881,138.807368405,-86.0887899411,11.8099484962,-86.7783850455,12.1119568422
484,484,R+1C11,1202,FTO531,flatNominal,531,531,7.38096219277,14.3327183671,0.0,14.973059414,0.382082043755,14.9798758066,-0.365534049533,-0.867032904205,-0.161501748167,0.239327745645,-0.200797299399,0.0139166225522,flatNominal,ApogeeBoss,1.0,10.0,-56.0,19.399,0,0,-1,0,1,0,0,0,0,1,177.587674856,106.810981035,,,,,-69.7228270966,23.2142418543,-70.2574598472,22.6944426946,-70.4369706759,23.4202196221,185,62.000705719,447,422,4186,4209,2469,2497,4197.6249498,2483.95397999,7.81491679021,11.6448373363,0.260639943032,2.25191959933e-05,3.37127500504e-05,8.49360004913e-07,3.41503930092,2.79235744476,1.50315833092,0.128056004643,0.085939116776,-0.00573241338134,432400.125,433010.25,16351.9042969,22867.4023438,4198,2484,4197,2483,0,4197.34055673,2483.26079459,4197.56,2483.62,4197.9469973,2483.78010636,3537.63264867,3299.83114878,3537.14945674,3300.40378388,3537.3667915,3300.04128234,3537.32958934,3299.62596185,185,-69.6740789856,23.2116259668,0.0488182464649,False,177.207928713,107.189312233,-70.2087245727,22.6918400103,-70.3882174781,23.4176213707
485,485,R+1C12,1012,FTO532,flatNominal,532,532,7.36763969922,14.3186199103,0.0,14.965,0.376,14.963640695,-0.3748339495,2.77992335641,2.69106944933,0.147400644653,-0.098232396167,-1.0,flatNominal,Boss,1.0,11.0,-33.6,19.399,0,0,-1,0,1,0,0,0,0,1,18.6806577444,5.83921261132,,,,,-23.8453677869,-0.00666828804107,-23.1966114856,-0.378553326791,-23.8475920834,-0.752689303109,249,62.000705719,470,445,4183,4204,2896,2925,4192.89754638,2910.50293268,7.05973594323,19.6173215013,0.188812679118,2.92323439983e-05,5.8404283199e-05,2.24510960042e-07,4.42946481705,2.6564822197,1.55576515198,0.141684830189,0.050988484174,-0.0027273746673,368569.21875,369261.96875,12020.8544922,17021.9804688,4193,2910,4193,2910,0,4192.58788992,2909.97590225,4192.76,2910.24,4193.13708368,2910.49990103,3918.05015677,3106.83146766,3917.72597792,3107.34969181,3917.87681602,3107.07832175,3917.93673156,3106.62046523,249,-23.7332094533,0.0243549015853,0.116369798872,False,20.405641625,3.68536518165,-23.0872548894,-0.352375667619,-23.7410176631,-0.721628566246
486,486,R+1C13,846,FTO533,flatNominal,533,533,7.46400249907,14.3473858128,0.0,14.9727418642,0.406547677108,15.0116777034,-0.339349758531,-0.10614566008,1.07550515435,0.201380124109,-0.187165281167,0.00782493227349,flatNominal,ApogeeBoss,1.0,12.0,-11.2,19.399,0,0,-1,0,1,0,0,0,0,1,128.130122423,28.604927659,,,,,-0.064192283689,37.0701393481,-0.203095341053,37.8029811764,0.501809667661,37.5560238669,254,62.000705719,441,418,3820,3840,2929,2958,3829.61482459,2943.11408477,6.59769367158,18.6604105449,0.327900560058,2.64380943963e-05,5.97276814399e-05,1.46425890185e-06,4.32080030441,2.56686329842,1.54364013672,0.151700600982,0.0536362305284,-0.00533136306331,351862.03125,352572.71875,11369.7792969,15974.8964844,3830,2943,3829,2943,0,3829.26671884,2942.68279194,3829.52,2942.82,3829.69070857,2943.18690233,4114.91122264,3413.887723,4114.68971173,3414.39578209,4114.69443295,3414.10683634,4114.94071105,3413.78677148,254,-0.0684790837961,37.0717635889,0.00458419169108,False,128.128219781,28.6259904094,-0.207627200802,37.8045589262,0.497360352741,37.5578373555
487,487,R+1C14,548,FTO534,flatNominal,534,534,7.37100669668,14.3364199824,0.0,14.9898063665,0.35589076224,14.9713101804,-0.396842186402,0.372212536477,0.427280198516,0.17306868596,-0.369137824751,0.00838928108573,flatNominal,ApogeeBoss,1.0,13.0,11.2,19.399,0,0,-1,0,1,0,0,0,0,1,341.457438469,125.911935568,,,,,22.153892833,16.6928540229,22.6637290476,17.23473873,22.8808712451,16.5137683652,297,62.000705719,432,404,3884,3906,3172,3201,3894.82210075,3184.17624098,7.41883405913,13.2646119243,0.400190590871,2.54038017604e-05,4.60183392167e-05,5.07668765899e-07,3.64580321312,2.71874332428,1.50276124477,0.135011792183,0.0755114480853,-0.00814655516297,378096.90625,378605.96875,15218.7539062,20538.8300781,3895,3184,3894,3184,0,3894.40492496,3184.12511373,3894.66,3183.96,3894.94649767,3184.5797304,4298.5222871,3244.62482385,4298.66980966,3245.01838036,4298.40252086,3244.86769341,4298.82256355,3244.32798659,297,22.1126692614,16.7106829423,0.0449138422183,False,341.132448546,126.256604818,22.6223193253,17.2527427304,22.839709141,16.5318469897
488,488,R+1C15,671,FTO535,flatNominal,535,535,7.37769290538,14.3392551656,0.0,14.965,0.376,14.9849894794,-0.3748339495,0.248173704094,0.503431370004,0.168792593124,-0.201245687024,-1.0,flatNominal,Boss,1.0,14.0,33.6,19.399,0,0,-1,0,1,0,0,0,0,1,217.39844799,71.610506773,,,,,15.3976660793,20.2238510186,14.9358909362,19.6584340795,14.6632289817,20.3582959642,287,62.000705719,420,402,3885,3906,3109,3137,3894.97104161,3121.30195078,7.11297641809,14.8628295595,0.322316048687,2.7849984476e-05,5.24996617933e-05,-4.31229888441e-07,3.85696911812,2.66450643539,1.52930188179,0.140726417303,0.0673481225967,-0.00610359944403,344597.78125,345334.0625,13859.3828125,19262.2578125,3895,3121,3895,3121,0,3894.69280118,3121.20888767,3894.81,3121.01,3895.10107187,3121.68849498,4242.70116386,3273.55924542,4242.74727163,3273.84899109,4242.51827742,3273.83256179,4242.98381027,3273.26524663,287,15.3695080929,20.1896828456,0.0442756845978,False,217.709272583,71.3406015311,14.9081368755,19.6239362614,14.634975165,20.3236032386
489,489,R+1C16,1016,FTO536,flatNominal,536,536,7.39355143731,14.3217839299,0.0,14.9644624875,0.385822822448,14.9686267872,-0.360883830844,-0.417154208986,0.231816520196,0.15305981705,-0.306525983728,0.0109805248947,flatNominal,ApogeeBoss,1.0,15.0,56.0,19.399,0,0,-1,0,1,0,0,0,0,1,334.562551975,162.877378464,,,,,62.1900229028,23.1100442389,62.3428963804,23.8438866461,62.8940869962,23.3401237332,334,62.000705719,421,405,3683,3706,3443,3468,3694.28460901,3454.58908626,8.30416371759,8.42418839258,0.321702634292,2.20086577217e-05,2.31142743397e-05,2.01321423029e-07,2.94812273979,2.8349468708,0.877611279488,0.120599932969,0.118881672621,-0.00921093299985,446059.5625,446681.84375,20024.65625,29304.15625,3694,3454,3694,3454,0,3694.1344376,3454.42706757,3694.18,3454.44,3694.4353383,3454.68584456,4631.0119386,3297.43603608,4630.93769595,3297.64409746,4630.92484179,3297.60004401,4631.02805525,3297.25764958,334,62.2097090672,23.1433505088,0.038689180451,False,335.558773187,162.404550617,62.3558726552,23.8785587679,62.9116420523,23.3798518954
490,490,R+1C17,600,FTO537,flatNominal,537,537,7.39248789375,14.3839772732,0.0,14.965,0.376,15.0312579951,-0.3748339495,0.471815301924,1.61927619506,0.141139444028,-0.03875158096,-1.0,flatNominal,Boss,1.0,16.0,78.4,19.399,0,0,-1,0,1,0,0,0,0,1,320.369181633,79.4995969534,,,,,83.3103500029,2.82963428461,83.9784261773,2.64897539542,83.4643968195,2.09769002377,372,62.000705719,443,425,3752,3775,3676,3701,3763.30890105,3687.539357,8.00438153025,9.29396915556,0.226744389197,1.85055946508e-05,2.13094412935e-05,-5.54230911118e-08,3.0549428463,2.8223528862,1.40172255039,0.1250179708,0.107671067119,-0.00610011164099,499733.625,500309.84375,23000.2265625,34385.9765625,3763,3687,3763,3687,0,3763.18388198,3687.07654138,3763.23,3687.2,3763.41855068,3687.38100497,4805.66539456,3128.53857651,4805.31279965,3128.86339168,4805.39805673,3128.77053479,4805.47428918,3128.51455274,372,83.304237465,2.82601183189,0.00710529967023,False,320.358265138,79.4836259078,83.9722287869,2.64503945041,83.4579407807,2.09399536115
491,491,R+1C18,837,FTO538,flatNominal,538,538,7.41742365585,14.3437270872,0.0,14.9918535323,0.364319284969,14.9749852161,-0.390913264574,-0.232058367066,-0.344865585963,0.115210746625,-0.143373760797,0.0152317357991,flatNominal,ApogeeBoss,1.0,17.0,100.8,19.399,0,0,-1,0,1,0,0,0,0,1,337.300357819,83.8249272108,,,,,110.256650911,5.39991553252,111.000152332,5.39847772508,110.614124541,4.74913706822,396,62.000705719,426,411,3631,3653,3864,3889,3641.54569865,3875.77113693,8.00925966819,9.22567484768,0.191683541525,2.12806792489e-05,2.5444439041e-05,-3.20458548951e-08,3.04223036766,2.82484841347,1.41814255714,0.124917604029,0.108447082341,-0.0051908721216,444289.53125,444826.5625,19260.0292969,28439.7167969,3641,3875,3641,3875,0,3641.43231275,3875.33941698,3641.44,3875.41,3641.65674698,3875.64343106,5028.86597096,3149.49050081,5028.53557142,3149.79062516,5028.59602184,3149.75408537,5028.70139372,3149.45106919,396,110.27619329,5.40553435017,0.0203341023045,False,337.411238293,83.7654067888,111.019695701,5.40476301939,110.634250136,4.75507658737
492,492,R+1C19,1094,FTO539,flatNominal,539,539,7.38024035918,14.3462589442,0.0,14.965,0.376,14.9922354358,-0.3748339495,-0.179605881431,0.0566364889153,0.102019893535,-0.0648461463466,-1.0,flatNominal,Boss,1.0,18.0,123.2,19.399,0,0,-1,0,1,0,0,0,0,1,300.201351643,127.279604673,,,,,129.985645836,10.0815238452,130.701448931,10.190346748,130.437535101,9.48689605392,411,62.000705719,424,406,3521,3543,3992,4016,3531.57248743,4002.76346181,7.9451533095,8.88867848374,0.167670730125,2.09365055742e-05,2.36597229429e-05,-1.66888327135e-07,2.98623323441,2.81358194351,1.40005171299,0.125913023949,0.112547464669,-0.00475029600784,452200.0,452818.0625,19820.8125,29241.0019531,3531,4002,3531,4002,0,3531.49792353,4002.36041409,3531.49,4002.42,3531.6684436,4002.64871095,5192.31347165,3188.29864788,5191.9905493,3188.55109272,5192.04585334,3188.5347859,5192.16735899,3188.26660984,411,130.052227402,10.1230119263,0.0784497659757,False,300.647397413,127.227309918,130.767265741,10.2367513997,130.508192395,9.53150364882
493,493,R+1C20,779,FTO540,flatNominal,540,540,7.41801243113,14.3456581408,0.0,14.9985640169,0.360052849818,14.9895190089,-0.386102361711,1.37366536808,3.1786334965,0.103581750147,-0.0196792745126,0.0151974600896,flatNominal,ApogeeBoss,1.0,19.0,145.6,19.399,0,0,-1,0,1,0,0,0,0,1,212.635273933,105.20724535,,,,,132.677299532,14.0794572996,132.564131661,13.3424924628,131.978521207,13.8049746875,412,62.000705719,410,389,3481,3504,3997,4020,3492.5466717,4007.21539632,7.9663614395,8.80518602465,0.138858723324,2.46411818057e-05,2.6288320544e-05,-1.66538215958e-08,2.97112345695,2.81850528717,1.41093599796,0.125562340021,0.113600663841,-0.00396026298404,410126.0,410661.09375,17645.7617188,24989.0722656,3492,4007,3492,4007,0,3492.51183141,4006.70414539,3492.48,4006.84,3492.6535908,4007.0998801,5214.3025705,3220.84574524,5213.8653375,3221.11298795,5214.00181034,3221.07858342,5214.15071106,3220.8043399,412,132.706178042,14.0568638051,0.0366665291059,False,212.637913702,105.351476195,132.594899659,13.3196112981,132.008105615,13.7805908653
494,494,R+1C21,724,FTO541,flatNominal,541,541,7.39774669814,14.330535741,0.0,14.965,0.376,14.9759685532,-0.3748339495,-0.394521799924,0.685462427758,0.0864050998832,-0.218002025078,-1.0,flatNominal,Boss,1.0,20.0,168.0,19.399,0,0,-1,0,1,0,0,0,0,1,290.859925747,48.0383849144,,,,,155.759785186,3.33043601042,155.885840646,2.60377865164,155.180094889,2.86028373226,445,62.000705719,438,418,3472,3496,4206,4230,3483.91607828,4216.88053295,8.17036603146,8.8717669651,0.197192535755,2.12573942137e-05,2.19041031023e-05,3.41142041663e-07,2.98720669746,2.84933829308,1.31468439102,0.122459232807,0.112777620554,-0.00544379651546,474778.25,475446.5,21073.7070312,29218.9589844,3484,4216,3484,4216,0,3483.78529042,4216.4866363,3483.85,4216.5,3483.93798178,4216.82553094,5404.20798397,3131.57150149,5403.91916818,3131.86957108,5403.89708734,3131.80359172,5404.14908637,3131.57750627,445,155.750030226,3.32131166142,0.013357132666,False,290.983753967,47.8488390951,155.875252135,2.5945101965,155.169801051,2.85182459047
495,495,R+1C22,997,FTO542,flatNominal,542,542,7.41128879747,14.3343723227,0.0,14.9790008747,0.370172649604,14.9807206027,-0.367878278266,0.101497264837,1.04335952876,0.0815393631003,-0.0693736857811,0.0115865672865,flatNominal,ApogeeBoss,1.0,21.0,190.4,19.399,0,0,-1,0,1,0,0,0,0,1,125.517543554,168.23943615,,,,,183.353603641,17.5980436218,182.924772576,16.9908552834,182.6124454,17.659565882,461,62.000705719,433,415,3264,3286,4353,4377,3274.73625661,4364.02552123,8.07561536905,9.09037960467,0.223291047475,2.03572871576e-05,2.29743765233e-05,3.75368021803e-07,3.02280330658,2.83348822594,1.36350750923,0.123913735151,0.11008117348,-0.00608749641106,468666.03125,469120.6875,19975.3242188,27224.7617188,3275,4364,3275,4364,0,3274.44741669,4363.32981034,3274.66,4363.59,3274.70277456,4364.03754347,5631.38812911,3249.03224821,5630.90475353,3249.60999398,5631.04155734,3249.30040739,5631.41426814,3249.05637979,461,183.34100144,17.5779710258,0.0237007294218,False,126.333115618,167.889179324,182.917115611,16.9673200908,182.599368006,17.6334721676
496,496,R+1C23,1023,FTO543,flatNominal,543,543,7.41516491018,14.3207307706,0.0,14.965,0.376,14.965824545,-0.3748339495,0.602887927545,-0.117163389802,0.0743238061691,-0.171273673679,-1.0,flatNominal,Boss,1.0,22.0,212.8,19.399,0,0,-1,0,1,0,0,0,0,1,57.3347121477,122.165361643,,,,,218.916409214,29.7091215082,218.540568918,30.3534839154,219.291403049,30.3541223542,483,62.000705719,421,402,3040,3063,4566,4589,3051.51217177,4576.57456053,8.29116279915,8.50347967952,0.27087954521,2.06919344326e-05,2.17443790993e-05,4.68284026833e-07,2.94758534431,2.84717106819,0.972151458263,0.120735995471,0.117721430957,-0.00769212469459,462054.25,462583.6875,20345.2148438,29326.0351562,3052,4576,3051,4576,0,3051.31723327,4575.99636471,3051.53,4576.13,3051.49644488,4576.60327648,5923.05634498,3348.71042046,5922.63376286,3349.15057473,5922.65957919,3348.90071517,5923.08907862,3348.71109065,483,218.914608365,29.7272519194,0.0182196285943,False,57.4998929796,122.052683911,218.538177764,30.3712696541,219.289010995,30.3725961209
497,497,R+1C24,942,FTO544,flatNominal,544,544,7.4116003268,14.3485964626,0.0,14.9914952282,0.371662341105,15.0125114161,-0.365529901674,0.511398996187,0.28618579255,0.0717089501029,-0.154657325981,0.0179072846067,flatNominal,ApogeeBoss,1.0,23.0,235.2,19.399,0,0,-1,0,1,0,0,0,0,1,76.9642335176,77.0046919584,,,,,248.397498421,30.699474981,248.335373782,31.4394697431,249.011181058,31.1442095036,510,62.000705719,401,376,2923,2944,4776,4799,2933.68936812,4786.7804331,7.3990325364,8.34177917295,0.433052582702,2.0129553657e-05,2.30582831947e-05,1.09622677488e-06,2.9172770977,2.68892288208,1.19926965237,0.135564699769,0.120243854821,-0.0140753295273,435877.3125,436284.71875,20825.0527344,29449.4277344,2934,4786,2934,4786,0,2933.56928244,4786.21460077,2933.72,4786.35,2933.83586085,4786.74188157,6163.92029291,3356.00977008,6163.47406972,3356.37783482,6163.52257781,3356.18728787,6163.81838537,3355.89769336,510,248.446293898,30.7063290908,0.0492745107661,False,77.1789275949,76.6008110818,248.386613006,31.4465249499,249.06144167,31.149034854
498,498,R+1C25,1096,FTO545,flatNominal,545,545,7.37950216131,14.3272909144,0.0,14.965,0.376,14.9726115264,-0.3748339495,0.783636622509,0.656059411149,0.0978205184855,-0.20874678758,-1.0,flatNominal,Boss,1.0,24.0,257.6,19.399,0,0,-1,0,1,0,0,0,0,1,141.549589634,77.5297933817,,,,,252.592173174,36.0340896996,251.892021489,36.2745818948,252.457852478,36.7681858327,512,62.000705719,412,392,2867,2890,4786,4810,2878.23131186,4797.64265025,7.77429083348,8.39574624059,0.429506320726,2.2017553153e-05,2.28943825911e-05,1.02990462759e-06,2.93515563011,2.74861764908,1.09854495525,0.128993675113,0.11944552511,-0.0131980162114,439636.1875,440239.84375,21720.0800781,32739.4550781,2878,4797,2878,4797,0,2878.12482045,4797.06663158,2878.18,4797.2,2878.42797484,4797.58096906,6199.19010433,3400.16431875,6198.72856407,3400.5250382,6198.82349696,3400.41504551,6199.04449363,3400.0184475,512,252.787165094,36.088225965,0.202367448371,False,140.879580358,77.5350243041,252.089850801,36.3368253502,252.66137065,36.8238311172
499,499,R+1C26,507,FTO546,flatNominal,546,546,7.359340013,14.307011282,0.0,14.978407974,0.358976465415,14.9389718118,-0.392325428674,-0.478493830314,1.62721976751,0.111571473352,-0.277917895473,0.013072333853,flatNominal,ApogeeBoss,1.0,25.0,280.0,19.399,0,0,-1,0,1,0,0,0,0,1,339.183719158,139.884034395,,,,,289.412537022,19.6308204689,289.812049553,20.2789156458,290.156078164,19.6098460962,547,62.000705719,409,392,2850,2874,5114,5137,2861.75934267,5124.20583389,8.3560410729,8.12295425454,0.0971035570189,2.19730969726e-05,2.11931403213e-05,1.53599980315e-07,2.89675569534,2.84390616417,0.347328752279,0.119690522552,0.12312502414,-0.00286161294207,445943.40625,446574.5,20173.7304688,28669.1054688,2862,5124,2862,5124,0,2861.52894317,5123.52520951,2861.67,5123.75,2861.96111289,5124.13316704,6496.37708824,3263.8018046,6495.88007351,3264.32075531,6496.01746534,3264.08958741,6496.21937522,3263.65648325,547,289.477486136,19.6544149493,0.0691020037881,False,340.028822629,139.32793469,289.873724563,20.3045170411,290.221123615,19.637191299
